Label: -
Points: 27
0 261 311
0.01 258 311
0.02 256 311
0.03 253 311
0.04 240 310
0.05 231 309
0.06 219 308
0.07 207 306
0.08 194 306
0.09 180 306
0.1 167 306
0.11 155 309
0.12 137 309
0.13 132 310
0.14 127 308
0.15 123 308
0.16 118 306
0.17 116 306
0.18 116 306
0.19 116 306
0.2 115 306
0.21 115 306
0.22 115 306
0.23 113 307
0.24 111 307
0.25 109 307
0.26 109 305

Label: ,
Points: 39
0 96 275
0.01 98 274
0.02 98 274
0.03 99 273
0.04 99 270
0.05 99 266
0.06 99 259
0.07 99 252
0.08 97 233
0.09 96 223
0.1 96 212
0.11 96 202
0.12 96 192
0.13 98 179
0.14 98 169
0.15 100 157
0.16 100 142
0.17 100 137
0.18 100 132
0.19 98 127
0.2 96 123
0.21 90 114
0.22 87 109
0.23 83 105
0.24 77 102
0.25 64 94
0.26 58 92
0.27 52 92
0.28 47 92
0.29 42 92
0.3 36 96
0.31 31 99
0.32 25 104
0.33 17 115
0.34 13 121
0.35 12 127
0.36 10 132
0.37 10 141
0.38 10 144

Label: .
Points: 46
0 155 258
0.01 153 258
0.02 153 258
0.03 152 258
0.04 150 256
0.05 150 254
0.06 150 254
0.07 149 252
0.08 147 250
0.09 148 248
0.1 148 248
0.11 150 246
0.12 150 244
0.13 153 244
0.14 156 242
0.15 158 242
0.16 162 242
0.17 164 244
0.18 165 247
0.19 167 247
0.2 167 251
0.21 167 251
0.22 165 252
0.23 164 252
0.24 161 252
0.25 161 251
0.26 157 250
0.27 157 248
0.28 156 247
0.29 153 245
0.3 153 244
0.31 151 242
0.32 151 242
0.33 153 241
0.34 153 242
0.35 153 242
0.36 153 242
0.37 153 242
0.38 151 243
0.39 151 243
0.4 151 245
0.41 151 246
0.42 151 246
0.43 151 246
0.44 151 244
0.45 151 243

Label: 1
Points: 28
0 136 461
0.01 136 461
0.02 135 459
0.03 135 456
0.04 135 444
0.05 132 436
0.06 131 426
0.07 129 414
0.08 127 389
0.09 125 374
0.1 125 361
0.11 123 347
0.12 119 320
0.13 119 307
0.14 117 295
0.15 117 284
0.16 117 265
0.17 117 258
0.18 117 250
0.19 117 244
0.2 117 241
0.21 118 238
0.22 118 238
0.23 117 237
0.24 115 235
0.25 115 235
0.26 115 234
0.27 115 234

Label: 0
Points: 55
0 177 432
0.01 175 434
0.02 175 436
0.03 175 437
0.04 173 438
0.05 173 438
0.06 173 438
0.07 175 436
0.08 178 431
0.09 182 426
0.1 188 420
0.11 195 411
0.12 203 401
0.13 224 373
0.14 234 359
0.15 244 344
0.16 252 328
0.17 258 313
0.18 261 296
0.19 262 279
0.2 261 267
0.21 257 254
0.22 249 246
0.23 238 240
0.24 224 234
0.25 195 231
0.26 183 231
0.27 171 233
0.28 160 235
0.29 140 244
0.3 132 248
0.31 125 255
0.32 118 261
0.33 109 274
0.34 104 281
0.35 102 288
0.36 99 296
0.37 97 304
0.38 95 314
0.39 93 326
0.4 93 337
0.41 93 347
0.42 96 357
0.43 98 364
0.44 104 371
0.45 112 380
0.46 117 384
0.47 122 388
0.48 127 392
0.49 136 399
0.5 138 402
0.51 141 405
0.52 145 410
0.53 147 414
0.54 151 417

Label: 3
Points: 91
0 114 438
0.01 114 440
0.02 114 442
0.03 114 443
0.04 116 444
0.05 116 446
0.06 116 446
0.07 116 446
0.08 117 446
0.09 122 444
0.1 125 444
0.11 130 444
0.12 141 444
0.13 148 443
0.14 156 442
0.15 164 440
0.16 180 438
0.17 189 437
0.18 197 436
0.19 205 434
0.2 212 432
0.21 218 429
0.22 223 428
0.23 227 426
0.24 232 426
0.25 232 424
0.26 232 424
0.27 233 423
0.28 233 420
0.29 235 419
0.3 233 419
0.31 231 417
0.32 227 415
0.33 222 413
0.34 215 409
0.35 207 405
0.36 200 401
0.37 192 395
0.38 185 389
0.39 179 383
0.4 169 374
0.41 165 369
0.42 162 366
0.43 159 363
0.44 155 362
0.45 152 360
0.46 152 360
0.47 149 358
0.48 150 358
0.49 150 357
0.5 150 357
0.51 149 358
0.52 150 358
0.53 152 358
0.54 153 359
0.55 157 360
0.56 161 361
0.57 166 361
0.58 174 363
0.59 180 364
0.6 194 364
0.61 199 364
0.62 206 364
0.63 212 364
0.64 224 361
0.65 231 358
0.66 238 354
0.67 244 349
0.68 256 337
0.69 261 331
0.7 263 323
0.71 266 314
0.72 268 296
0.73 268 288
0.74 265 281
0.75 260 274
0.76 250 263
0.77 243 258
0.78 236 255
0.79 227 252
0.8 220 250
0.81 210 250
0.82 198 252
0.83 188 254
0.84 169 256
0.85 163 258
0.86 157 259
0.87 152 261
0.88 146 263
0.89 142 264
0.9 137 264

Label: 2
Points: 70
0 101 436
0.01 101 435
0.02 101 435
0.03 101 435
0.04 101 435
0.05 101 435
0.06 101 435
0.07 101 435
0.08 101 435
0.09 101 436
0.1 105 437
0.11 109 440
0.12 122 444
0.13 130 447
0.14 139 449
0.15 148 449
0.16 158 450
0.17 169 450
0.18 179 446
0.19 189 446
0.2 197 443
0.21 202 440
0.22 209 437
0.23 211 433
0.24 215 428
0.25 215 419
0.26 215 414
0.27 210 409
0.28 206 402
0.29 200 396
0.3 188 387
0.31 175 378
0.32 160 369
0.33 134 352
0.34 123 344
0.35 115 336
0.36 107 329
0.37 96 315
0.38 92 308
0.39 89 304
0.4 88 298
0.41 88 291
0.42 87 289
0.43 87 287
0.44 87 287
0.45 87 287
0.46 87 285
0.47 89 287
0.48 92 285
0.49 105 283
0.5 113 281
0.51 122 281
0.52 132 279
0.53 152 276
0.54 163 275
0.55 173 273
0.56 182 271
0.57 188 270
0.58 194 267
0.59 201 264
0.6 206 262
0.61 212 260
0.62 212 260
0.63 212 260
0.64 214 258
0.65 214 258
0.66 215 258
0.67 215 255
0.68 214 255
0.69 211 251

Label: 5
Points: 90
0 225 486
0.01 225 486
0.02 227 486
0.03 227 486
0.04 227 486
0.05 227 485
0.06 225 483
0.07 223 480
0.08 218 478
0.09 211 474
0.1 202 472
0.11 190 470
0.12 179 466
0.13 166 465
0.14 154 465
0.15 143 463
0.16 130 465
0.17 126 465
0.18 123 467
0.19 120 467
0.2 117 468
0.21 113 471
0.22 111 472
0.23 106 476
0.24 101 481
0.25 98 482
0.26 97 481
0.27 97 481
0.28 94 480
0.29 94 480
0.3 91 478
0.31 88 475
0.32 85 471
0.33 83 465
0.34 79 459
0.35 77 454
0.36 73 448
0.37 71 437
0.38 69 431
0.39 69 426
0.4 67 418
0.41 67 412
0.42 65 403
0.43 65 393
0.44 65 387
0.45 65 379
0.46 65 375
0.47 67 371
0.48 67 369
0.49 69 368
0.5 69 368
0.51 72 368
0.52 73 369
0.53 78 371
0.54 88 378
0.55 94 383
0.56 100 387
0.57 105 392
0.58 111 393
0.59 120 393
0.6 128 394
0.61 139 391
0.62 157 386
0.63 166 381
0.64 175 375
0.65 192 362
0.66 198 356
0.67 202 350
0.68 206 343
0.69 212 330
0.7 213 324
0.71 213 318
0.72 211 312
0.73 205 301
0.74 198 296
0.75 191 290
0.76 183 285
0.77 173 280
0.78 161 273
0.79 148 269
0.8 134 265
0.81 114 262
0.82 108 262
0.83 104 262
0.84 101 262
0.85 98 264
0.86 95 267
0.87 92 271
0.88 87 281
0.89 86 286

Label: 4
Points: 90
0 250 343
0.01 249 343
0.02 249 343
0.03 249 343
0.04 244 343
0.05 240 342
0.06 234 342
0.07 226 342
0.08 218 343
0.09 207 346
0.1 195 347
0.11 183 348
0.12 170 348
0.13 160 348
0.14 153 348
0.15 145 348
0.16 140 348
0.17 138 348
0.18 138 348
0.19 134 348
0.2 134 348
0.21 132 349
0.22 131 349
0.23 131 351
0.24 127 352
0.25 127 352
0.26 125 353
0.27 127 355
0.28 127 356
0.29 127 357
0.3 127 360
0.31 129 363
0.32 134 366
0.33 141 370
0.34 146 373
0.35 154 377
0.36 170 385
0.37 178 390
0.38 185 395
0.39 192 399
0.4 198 404
0.41 204 411
0.42 212 419
0.43 216 426
0.44 222 435
0.45 229 440
0.46 232 446
0.47 238 451
0.48 243 457
0.49 246 458
0.5 246 458
0.51 248 461
0.52 250 464
0.53 250 466
0.54 252 466
0.55 252 466
0.56 252 468
0.57 254 468
0.58 256 470
0.59 256 472
0.6 256 472
0.61 256 472
0.62 256 472
0.63 256 472
0.64 256 470
0.65 256 467
0.66 256 462
0.67 257 447
0.68 257 437
0.69 256 427
0.7 256 415
0.71 253 390
0.72 253 377
0.73 251 363
0.74 249 350
0.75 249 323
0.76 247 312
0.77 247 303
0.78 247 293
0.79 245 279
0.8 245 274
0.81 245 270
0.82 245 266
0.83 247 261
0.84 247 257
0.85 249 254
0.86 249 251
0.87 249 251
0.88 249 250
0.89 250 250

Label: 7
Points: 65
0 89 447
0.01 89 447
0.02 87 447
0.03 87 447
0.04 87 447
0.05 87 447
0.06 87 449
0.07 88 447
0.08 88 449
0.09 88 449
0.1 91 449
0.11 95 447
0.12 107 443
0.13 115 443
0.14 123 441
0.15 131 440
0.16 148 440
0.17 156 440
0.18 164 440
0.19 170 440
0.2 174 439
0.21 183 439
0.22 187 439
0.23 189 439
0.24 193 439
0.25 198 439
0.26 200 439
0.27 203 439
0.28 203 437
0.29 203 435
0.3 204 434
0.31 204 434
0.32 207 433
0.33 207 431
0.34 207 430
0.35 207 428
0.36 208 426
0.37 207 426
0.38 207 422
0.39 207 420
0.4 204 417
0.41 201 406
0.42 197 399
0.43 194 390
0.44 191 382
0.45 185 363
0.46 182 353
0.47 177 344
0.48 173 334
0.49 165 319
0.5 162 312
0.51 161 307
0.52 158 302
0.53 156 297
0.54 156 293
0.55 153 289
0.56 153 285
0.57 151 281
0.58 151 278
0.59 150 277
0.6 150 275
0.61 150 273
0.62 150 272
0.63 150 269
0.64 150 268

Label: 6
Points: 59
0 166 498
0.01 166 499
0.02 165 499
0.03 162 499
0.04 161 499
0.05 156 496
0.06 150 492
0.07 146 486
0.08 133 469
0.09 129 460
0.1 124 448
0.11 120 437
0.12 116 426
0.13 111 412
0.14 106 400
0.15 103 387
0.16 100 376
0.17 101 365
0.18 101 355
0.19 111 333
0.2 116 328
0.21 119 324
0.22 127 320
0.23 142 313
0.24 157 309
0.25 174 307
0.26 201 309
0.27 213 312
0.28 222 315
0.29 233 319
0.3 247 328
0.31 253 334
0.32 256 339
0.33 259 344
0.34 259 355
0.35 257 360
0.36 255 365
0.37 252 371
0.38 247 376
0.39 242 381
0.4 234 384
0.41 225 385
0.42 208 380
0.43 200 376
0.44 194 371
0.45 188 366
0.46 183 359
0.47 180 349
0.48 175 341
0.49 172 331
0.5 170 323
0.51 170 318
0.52 170 311
0.53 172 306
0.54 174 301
0.55 176 297
0.56 180 292
0.57 182 292
0.58 182 292

Label: 9
Points: 71
0 209 461
0.01 207 468
0.02 203 473
0.03 197 479
0.04 191 486
0.05 179 495
0.06 166 503
0.07 152 511
0.08 128 516
0.09 119 516
0.1 111 514
0.11 106 512
0.12 99 509
0.13 91 502
0.14 84 495
0.15 77 487
0.16 70 469
0.17 70 460
0.18 70 452
0.19 73 446
0.2 78 433
0.21 84 428
0.22 87 424
0.23 93 421
0.24 99 419
0.25 108 417
0.26 118 417
0.27 128 417
0.28 139 419
0.29 149 421
0.3 157 424
0.31 164 426
0.32 174 433
0.33 177 436
0.34 180 440
0.35 183 443
0.36 185 446
0.37 187 450
0.38 189 453
0.39 189 455
0.4 192 457
0.41 192 457
0.42 192 457
0.43 190 456
0.44 190 456
0.45 190 456
0.46 190 454
0.47 190 452
0.48 191 449
0.49 190 442
0.5 190 433
0.51 189 423
0.52 185 399
0.53 182 389
0.54 181 379
0.55 179 370
0.56 177 353
0.57 177 345
0.58 175 339
0.59 175 332
0.6 175 326
0.61 172 322
0.62 171 318
0.63 168 315
0.64 168 315
0.65 168 315
0.66 168 315
0.67 168 315
0.68 168 315
0.69 168 313
0.7 168 313

Label: 8
Points: 55
0 152 509
0.01 152 513
0.02 152 516
0.03 154 518
0.04 154 520
0.05 156 523
0.06 159 526
0.07 162 528
0.08 171 528
0.09 177 525
0.1 185 522
0.11 192 517
0.12 202 509
0.13 214 498
0.14 224 483
0.15 235 467
0.16 243 450
0.17 246 436
0.18 249 423
0.19 248 413
0.2 243 404
0.21 233 398
0.22 220 394
0.23 203 392
0.24 169 397
0.25 155 400
0.26 142 403
0.27 132 405
0.28 120 412
0.29 115 416
0.3 111 419
0.31 109 424
0.32 105 428
0.33 103 432
0.34 103 439
0.35 100 442
0.36 101 446
0.37 103 450
0.38 103 454
0.39 108 460
0.4 112 465
0.41 117 472
0.42 122 477
0.43 127 482
0.44 138 490
0.45 143 494
0.46 147 497
0.47 151 501
0.48 156 503
0.49 163 505
0.5 168 507
0.51 173 507
0.52 176 509
0.53 178 509
0.54 178 509

Label: ;
Points: 17
0 171 333
0.01 171 333
0.02 171 333
0.03 171 333
0.04 172 333
0.05 172 333
0.06 174 336
0.07 175 338
0.08 175 340
0.09 177 340
0.1 177 343
0.11 177 344
0.12 177 347
0.13 177 347
0.14 176 347
0.15 176 348
0.16 176 348

Label: :
Points: 21
0 192 399
0.01 192 401
0.02 192 401
0.03 193 401
0.04 193 401
0.05 192 401
0.06 192 401
0.07 190 401
0.08 190 401
0.09 190 401
0.1 190 399
0.11 190 397
0.12 190 397
0.13 190 397
0.14 188 397
0.15 188 395
0.16 186 397
0.17 184 397
0.18 183 398
0.19 181 398
0.2 180 398

Label: A
Points: 55
0 132 461
0.01 132 461
0.02 134 461
0.03 132 462
0.04 132 460
0.05 129 457
0.06 124 449
0.07 120 437
0.08 111 411
0.09 106 397
0.1 101 383
0.11 96 369
0.12 86 342
0.13 79 331
0.14 75 321
0.15 71 313
0.16 65 296
0.17 63 289
0.18 61 283
0.19 59 277
0.2 57 270
0.21 57 268
0.22 54 266
0.23 54 266
0.24 54 265
0.25 54 265
0.26 54 265
0.27 54 266
0.28 140 467
0.29 140 469
0.3 142 469
0.31 143 468
0.32 143 466
0.33 147 460
0.34 149 454
0.35 154 444
0.36 163 420
0.37 169 406
0.38 172 392
0.39 177 376
0.4 182 362
0.41 186 345
0.42 194 329
0.43 199 315
0.44 208 289
0.45 211 280
0.46 214 270
0.47 216 262
0.48 219 250
0.49 219 245
0.5 221 242
0.51 221 239
0.52 222 237
0.53 222 237
0.54 222 236

Label: C
Points: 60
0 238 453
0.01 240 453
0.02 243 453
0.03 243 452
0.04 246 452
0.05 246 452
0.06 246 453
0.07 247 455
0.08 247 455
0.09 247 456
0.1 245 457
0.11 241 459
0.12 239 461
0.13 226 467
0.14 218 470
0.15 208 474
0.16 198 476
0.17 186 478
0.18 176 480
0.19 164 480
0.2 151 479
0.21 140 476
0.22 129 473
0.23 119 467
0.24 112 459
0.25 105 451
0.26 97 433
0.27 93 425
0.28 93 416
0.29 93 407
0.3 93 397
0.31 99 385
0.32 103 373
0.33 111 362
0.34 123 347
0.35 131 341
0.36 139 336
0.37 149 331
0.38 158 326
0.39 169 323
0.4 181 320
0.41 190 318
0.42 205 315
0.43 209 315
0.44 215 313
0.45 219 315
0.46 225 315
0.47 228 312
0.48 230 312
0.49 233 311
0.5 236 311
0.51 237 311
0.52 237 311
0.53 239 311
0.54 239 311
0.55 238 313
0.56 238 313
0.57 238 313
0.58 238 313
0.59 238 315

Label: B
Points: 27
0 120 482
0.01 120 483
0.02 120 483
0.03 119 483
0.04 117 478
0.05 117 472
0.06 113 464
0.07 112 451
0.08 108 421
0.09 106 407
0.1 106 392
0.11 104 380
0.12 104 357
0.13 104 347
0.14 104 337
0.15 104 328
0.16 101 316
0.17 101 311
0.18 101 308
0.19 100 305
0.2 100 304
0.21 98 304
0.22 98 304
0.23 98 304
0.24 98 305
0.25 98 307
0.26 96 310

Label: E
Points: 74
0 245 487
0.01 245 485
0.02 245 485
0.03 245 483
0.04 242 480
0.05 239 479
0.06 236 477
0.07 231 476
0.08 216 475
0.09 206 475
0.1 195 475
0.11 184 475
0.12 172 473
0.13 159 473
0.14 146 473
0.15 134 473
0.16 117 474
0.17 112 474
0.18 106 476
0.19 102 476
0.2 99 475
0.21 94 475
0.22 93 472
0.23 89 472
0.24 86 468
0.25 84 467
0.26 84 464
0.27 84 460
0.28 84 457
0.29 86 450
0.3 86 444
0.31 86 436
0.32 86 421
0.33 86 415
0.34 86 409
0.35 87 401
0.36 87 395
0.37 85 386
0.38 87 376
0.39 87 367
0.4 93 351
0.41 93 346
0.42 94 340
0.43 94 334
0.44 94 329
0.45 99 324
0.46 99 319
0.47 102 316
0.48 106 309
0.49 109 307
0.5 113 304
0.51 117 302
0.52 126 300
0.53 130 300
0.54 136 299
0.55 143 299
0.56 157 298
0.57 164 295
0.58 172 293
0.59 178 292
0.6 190 288
0.61 197 288
0.62 201 287
0.63 212 286
0.64 217 286
0.65 221 285
0.66 224 285
0.67 229 282
0.68 231 281
0.69 233 281
0.7 235 281
0.71 239 281
0.72 239 282
0.73 242 282

Label: D
Points: 34
0 149 478
0.01 146 481
0.02 145 483
0.03 142 483
0.04 142 483
0.05 140 483
0.06 138 481
0.07 138 477
0.08 138 463
0.09 138 455
0.1 138 445
0.11 140 435
0.12 140 425
0.13 142 412
0.14 143 401
0.15 143 389
0.16 143 378
0.17 145 370
0.18 145 360
0.19 145 350
0.2 145 342
0.21 147 329
0.22 147 324
0.23 145 320
0.24 145 318
0.25 143 315
0.26 143 313
0.27 143 311
0.28 142 309
0.29 140 308
0.3 140 307
0.31 138 306
0.32 138 307
0.33 138 308

Label: F
Points: 62
0 269 486
0.01 269 487
0.02 269 487
0.03 269 487
0.04 266 485
0.05 264 483
0.06 259 483
0.07 252 482
0.08 245 482
0.09 235 482
0.1 224 482
0.11 212 482
0.12 190 482
0.13 180 482
0.14 173 482
0.15 166 482
0.16 160 482
0.17 155 482
0.18 149 482
0.19 144 482
0.2 138 484
0.21 135 484
0.22 133 484
0.23 132 484
0.24 132 484
0.25 130 484
0.26 130 483
0.27 130 483
0.28 128 483
0.29 126 482
0.3 126 480
0.31 126 479
0.32 126 476
0.33 129 470
0.34 129 464
0.35 129 457
0.36 131 440
0.37 133 430
0.38 133 419
0.39 135 409
0.4 139 386
0.41 141 375
0.42 142 363
0.43 142 353
0.44 146 335
0.45 146 327
0.46 148 319
0.47 148 314
0.48 148 308
0.49 149 303
0.5 149 298
0.51 149 294
0.52 149 288
0.53 149 285
0.54 149 283
0.55 149 282
0.56 149 280
0.57 151 279
0.58 149 279
0.59 148 279
0.6 146 279
0.61 146 281

Label: I
Points: 30
0 214 460
0.01 214 460
0.02 214 459
0.03 209 457
0.04 204 450
0.05 201 443
0.06 199 436
0.07 198 426
0.08 196 403
0.09 196 391
0.1 196 379
0.11 196 367
0.12 196 356
0.13 196 344
0.14 195 335
0.15 193 325
0.16 190 312
0.17 188 306
0.18 188 303
0.19 187 299
0.2 184 294
0.21 182 292
0.22 181 290
0.23 181 289
0.24 179 289
0.25 179 287
0.26 179 287
0.27 177 285
0.28 179 285
0.29 179 285

Label: H
Points: 44
0 130 548
0.01 130 547
0.02 130 543
0.03 128 537
0.04 128 526
0.05 124 507
0.06 120 485
0.07 118 461
0.08 111 418
0.09 108 401
0.1 105 384
0.11 103 368
0.12 102 340
0.13 102 328
0.14 102 316
0.15 102 304
0.16 105 287
0.17 105 280
0.18 108 275
0.19 108 271
0.2 109 268
0.21 111 268
0.22 111 267
0.23 114 268
0.24 190 496
0.25 190 492
0.26 190 486
0.27 191 476
0.28 191 464
0.29 194 446
0.3 194 426
0.31 194 407
0.32 194 388
0.33 196 369
0.34 196 353
0.35 196 336
0.36 196 312
0.37 196 302
0.38 196 294
0.39 196 287
0.4 196 281
0.41 196 275
0.42 199 273
0.43 203 268

Label: K
Points: 33
0 112 503
0.01 112 503
0.02 112 503
0.03 110 503
0.04 110 503
0.05 109 500
0.06 108 496
0.07 108 488
0.08 99 468
0.09 96 456
0.1 93 445
0.11 93 431
0.12 90 406
0.13 90 393
0.14 90 382
0.15 90 370
0.16 89 350
0.17 87 340
0.18 87 332
0.19 87 325
0.2 85 311
0.21 85 305
0.22 85 300
0.23 85 296
0.24 85 289
0.25 85 288
0.26 85 287
0.27 87 287
0.28 87 287
0.29 85 287
0.3 85 288
0.31 85 288
0.32 86 292

Label: J
Points: 44
0 184 471
0.01 182 473
0.02 182 473
0.03 182 472
0.04 182 472
0.05 184 469
0.06 184 469
0.07 183 467
0.08 183 464
0.09 183 459
0.1 181 449
0.11 184 437
0.12 186 413
0.13 188 400
0.14 188 388
0.15 189 376
0.16 189 363
0.17 188 349
0.18 186 336
0.19 186 322
0.2 184 311
0.21 184 300
0.22 184 290
0.23 182 282
0.24 181 273
0.25 178 268
0.26 178 263
0.27 174 261
0.28 168 259
0.29 159 259
0.3 147 262
0.31 133 264
0.32 111 272
0.33 103 275
0.34 98 280
0.35 93 284
0.36 88 291
0.37 86 295
0.38 84 298
0.39 84 300
0.4 84 306
0.41 85 309
0.42 88 312
0.43 91 316

Label: M
Points: 64
0 137 433
0.01 137 433
0.02 137 433
0.03 137 432
0.04 137 430
0.05 135 421
0.06 133 408
0.07 129 393
0.08 125 375
0.09 121 357
0.1 115 342
0.11 110 326
0.12 102 304
0.13 99 296
0.14 96 291
0.15 94 285
0.16 92 280
0.17 92 275
0.18 92 268
0.19 92 263
0.2 97 255
0.21 97 252
0.22 100 251
0.23 100 251
0.24 98 439
0.25 99 438
0.26 104 435
0.27 112 429
0.28 121 422
0.29 131 413
0.3 140 402
0.31 148 391
0.32 160 370
0.33 166 362
0.34 170 354
0.35 173 348
0.36 177 338
0.37 180 335
0.38 181 331
0.39 181 327
0.4 184 323
0.41 184 323
0.42 186 322
0.43 186 322
0.44 238 421
0.45 238 421
0.46 240 421
0.47 241 420
0.48 240 420
0.49 237 414
0.5 233 409
0.51 227 400
0.52 218 392
0.53 207 384
0.54 194 375
0.55 185 368
0.56 170 359
0.57 167 356
0.58 163 354
0.59 161 352
0.6 158 349
0.61 156 349
0.62 156 347
0.63 156 347

Label: L
Points: 44
0 134 447
0.01 134 447
0.02 135 447
0.03 137 447
0.04 137 447
0.05 137 446
0.06 134 442
0.07 134 438
0.08 131 427
0.09 131 413
0.1 128 397
0.11 124 381
0.12 122 365
0.13 117 350
0.14 113 337
0.15 109 323
0.16 103 303
0.17 101 296
0.18 99 291
0.19 99 285
0.2 99 279
0.21 101 274
0.22 104 268
0.23 106 265
0.24 115 259
0.25 120 259
0.26 126 259
0.27 135 259
0.28 145 259
0.29 158 260
0.3 169 261
0.31 182 261
0.32 193 261
0.33 205 261
0.34 215 260
0.35 224 262
0.36 233 262
0.37 237 262
0.38 241 262
0.39 241 262
0.4 241 260
0.41 241 259
0.42 241 259
0.43 241 259

Label: O
Points: 51
0 161 470
0.01 161 471
0.02 161 471
0.03 159 471
0.04 157 471
0.05 158 469
0.06 158 468
0.07 163 463
0.08 176 445
0.09 186 433
0.1 198 417
0.11 210 401
0.12 221 385
0.13 232 363
0.14 242 345
0.15 248 326
0.16 253 309
0.17 251 297
0.18 245 287
0.19 239 279
0.2 217 270
0.21 204 269
0.22 188 269
0.23 172 272
0.24 158 276
0.25 142 283
0.26 129 292
0.27 117 303
0.28 103 328
0.29 98 340
0.3 94 351
0.31 90 361
0.32 88 370
0.33 88 381
0.34 88 391
0.35 91 402
0.36 95 415
0.37 97 421
0.38 101 425
0.39 106 430
0.4 109 434
0.41 116 438
0.42 121 442
0.43 127 445
0.44 141 449
0.45 147 449
0.46 153 449
0.47 157 449
0.48 165 449
0.49 168 449
0.5 168 449

Label: N
Points: 91
0 116 463
0.01 116 462
0.02 116 459
0.03 116 457
0.04 114 445
0.05 113 437
0.06 111 426
0.07 109 414
0.08 107 388
0.09 107 375
0.1 105 364
0.11 103 354
0.12 103 344
0.13 102 335
0.14 102 326
0.15 101 318
0.16 98 305
0.17 96 302
0.18 96 298
0.19 95 296
0.2 95 294
0.21 95 294
0.22 95 294
0.23 95 294
0.24 95 296
0.25 95 297
0.26 95 300
0.27 95 305
0.28 96 311
0.29 96 321
0.3 96 331
0.31 98 345
0.32 98 360
0.33 98 378
0.34 101 398
0.35 103 416
0.36 111 444
0.37 113 451
0.38 114 457
0.39 116 460
0.4 118 461
0.41 120 460
0.42 120 458
0.43 123 454
0.44 133 436
0.45 138 424
0.46 144 411
0.47 151 400
0.48 163 377
0.49 168 367
0.5 173 358
0.51 178 351
0.52 187 341
0.53 191 337
0.54 195 335
0.55 199 332
0.56 207 330
0.57 212 330
0.58 213 330
0.59 215 330
0.6 215 330
0.61 215 330
0.62 215 332
0.63 215 334
0.64 219 342
0.65 219 347
0.66 221 352
0.67 221 360
0.68 224 375
0.69 225 385
0.7 225 395
0.71 223 406
0.72 223 417
0.73 221 428
0.74 222 438
0.75 222 448
0.76 222 458
0.77 225 464
0.78 225 471
0.79 225 475
0.8 225 480
0.81 225 484
0.82 225 487
0.83 225 490
0.84 225 494
0.85 225 495
0.86 225 495
0.87 225 496
0.88 225 496
0.89 225 496
0.9 225 497

Label: Q
Points: 68
0 107 502
0.01 109 504
0.02 111 505
0.03 116 506
0.04 125 508
0.05 129 508
0.06 135 508
0.07 139 507
0.08 151 504
0.09 158 500
0.1 167 496
0.11 175 489
0.12 185 482
0.13 197 471
0.14 207 457
0.15 218 441
0.16 234 406
0.17 239 390
0.18 242 374
0.19 242 361
0.2 239 347
0.21 231 333
0.22 219 322
0.23 207 310
0.24 181 298
0.25 169 296
0.26 157 296
0.27 146 296
0.28 135 299
0.29 118 303
0.3 106 307
0.31 93 314
0.32 76 326
0.33 70 332
0.34 64 338
0.35 60 345
0.36 56 352
0.37 53 361
0.38 50 370
0.39 47 380
0.4 40 398
0.41 40 408
0.42 40 417
0.43 40 427
0.44 42 435
0.45 42 443
0.46 44 452
0.47 46 459
0.48 52 473
0.49 56 477
0.5 61 482
0.51 66 486
0.52 71 490
0.53 79 496
0.54 89 500
0.55 99 505
0.56 115 514
0.57 120 518
0.58 126 520
0.59 131 523
0.6 139 527
0.61 141 529
0.62 145 532
0.63 147 532
0.64 151 534
0.65 151 534
0.66 151 534
0.67 151 534

Label: P
Points: 79
0 128 474
0.01 128 474
0.02 128 474
0.03 128 472
0.04 127 465
0.05 127 460
0.06 127 451
0.07 127 440
0.08 127 428
0.09 127 413
0.1 127 399
0.11 128 385
0.12 128 364
0.13 128 356
0.14 128 349
0.15 127 343
0.16 127 334
0.17 127 330
0.18 126 327
0.19 126 324
0.2 126 323
0.21 126 321
0.22 126 321
0.23 126 319
0.24 128 318
0.25 128 317
0.26 128 317
0.27 128 318
0.28 128 318
0.29 128 321
0.3 128 325
0.31 129 330
0.32 131 346
0.33 133 355
0.34 133 366
0.35 135 377
0.36 135 401
0.37 132 414
0.38 131 426
0.39 129 439
0.4 129 450
0.41 131 464
0.42 131 477
0.43 133 488
0.44 135 498
0.45 139 505
0.46 144 509
0.47 150 515
0.48 163 515
0.49 171 512
0.5 181 508
0.51 191 502
0.52 212 485
0.53 221 474
0.54 230 463
0.55 237 452
0.56 243 442
0.57 247 432
0.58 248 422
0.59 248 414
0.6 242 400
0.61 235 396
0.62 227 392
0.63 218 390
0.64 198 384
0.65 186 384
0.66 174 384
0.67 162 384
0.68 151 384
0.69 139 384
0.7 128 386
0.71 120 389
0.72 109 390
0.73 106 390
0.74 104 390
0.75 104 390
0.76 104 390
0.77 104 388
0.78 103 388

Label: S
Points: 66
0 222 514
0.01 222 517
0.02 220 519
0.03 217 522
0.04 208 527
0.05 201 529
0.06 191 529
0.07 178 530
0.08 163 528
0.09 143 526
0.1 123 524
0.11 105 521
0.12 91 517
0.13 83 513
0.14 77 508
0.15 74 502
0.16 69 491
0.17 69 485
0.18 69 480
0.19 69 475
0.2 69 470
0.21 72 465
0.22 76 459
0.23 79 455
0.24 83 452
0.25 87 449
0.26 91 448
0.27 96 446
0.28 102 446
0.29 116 446
0.3 122 446
0.31 130 446
0.32 137 446
0.33 145 446
0.34 157 443
0.35 167 441
0.36 178 437
0.37 189 433
0.38 198 428
0.39 207 419
0.4 216 411
0.41 227 395
0.42 230 388
0.43 232 380
0.44 234 372
0.45 234 357
0.46 231 349
0.47 227 344
0.48 221 337
0.49 208 327
0.5 200 322
0.51 191 318
0.52 184 315
0.53 165 312
0.54 154 312
0.55 142 312
0.56 120 317
0.57 112 318
0.58 105 320
0.59 98 322
0.6 90 324
0.61 88 326
0.62 86 326
0.63 84 326
0.64 83 326
0.65 83 324

Label: R
Points: 30
0 151 515
0.01 150 514
0.02 147 514
0.03 146 509
0.04 144 505
0.05 141 495
0.06 141 483
0.07 138 471
0.08 138 457
0.09 136 440
0.1 136 425
0.11 134 409
0.12 130 382
0.13 126 370
0.14 124 360
0.15 121 350
0.16 117 334
0.17 116 328
0.18 116 322
0.19 114 318
0.2 114 313
0.21 112 313
0.22 112 313
0.23 112 313
0.24 112 313
0.25 112 313
0.26 112 311
0.27 114 311
0.28 115 315
0.29 118 317

Label: U
Points: 53
0 121 480
0.01 121 481
0.02 119 481
0.03 119 481
0.04 115 478
0.05 112 475
0.06 108 469
0.07 106 460
0.08 103 450
0.09 100 434
0.1 98 418
0.11 96 400
0.12 100 369
0.13 104 356
0.14 107 344
0.15 113 333
0.16 124 316
0.17 134 310
0.18 143 304
0.19 152 301
0.2 176 300
0.21 186 302
0.22 198 305
0.23 207 309
0.24 225 318
0.25 231 322
0.26 236 328
0.27 242 334
0.28 245 340
0.29 247 350
0.3 250 359
0.31 250 372
0.32 251 394
0.33 250 404
0.34 248 415
0.35 248 425
0.36 247 434
0.37 245 450
0.38 244 457
0.39 243 463
0.4 243 467
0.41 243 470
0.42 243 472
0.43 243 474
0.44 243 474
0.45 243 477
0.46 243 477
0.47 243 478
0.48 243 478
0.49 243 478
0.5 240 478
0.51 240 476
0.52 240 476

Label: T
Points: 35
0 165 512
0.01 165 512
0.02 165 511
0.03 165 511
0.04 165 511
0.05 165 507
0.06 164 505
0.07 164 500
0.08 164 495
0.09 164 488
0.1 161 479
0.11 161 470
0.12 159 461
0.13 159 449
0.14 159 436
0.15 159 423
0.16 161 394
0.17 161 382
0.18 163 369
0.19 165 359
0.2 168 339
0.21 168 330
0.22 171 324
0.23 172 318
0.24 173 314
0.25 173 311
0.26 173 308
0.27 173 307
0.28 171 305
0.29 171 305
0.3 171 305
0.31 171 305
0.32 169 304
0.33 169 304
0.34 169 307

Label: W
Points: 92
0 49 484
0.01 49 485
0.02 50 487
0.03 50 488
0.04 50 488
0.05 52 486
0.06 52 484
0.07 55 479
0.08 57 472
0.09 61 460
0.1 67 444
0.11 72 427
0.12 78 406
0.13 82 387
0.14 86 368
0.15 90 352
0.16 94 336
0.17 97 324
0.18 100 312
0.19 103 300
0.2 107 292
0.21 112 279
0.22 113 277
0.23 115 274
0.24 117 273
0.25 118 271
0.26 118 271
0.27 120 271
0.28 120 273
0.29 123 277
0.3 127 283
0.31 130 290
0.32 133 298
0.33 134 305
0.34 134 314
0.35 136 323
0.36 138 332
0.37 142 345
0.38 142 349
0.39 143 352
0.4 143 352
0.41 146 349
0.42 149 344
0.43 153 338
0.44 158 328
0.45 168 309
0.46 174 301
0.47 179 293
0.48 183 286
0.49 186 281
0.5 189 275
0.51 193 273
0.52 196 271
0.53 201 270
0.54 203 270
0.55 205 270
0.56 207 270
0.57 211 272
0.58 215 276
0.59 218 281
0.6 222 286
0.61 228 295
0.62 230 301
0.63 232 307
0.64 234 316
0.65 234 328
0.66 236 342
0.67 236 358
0.68 236 388
0.69 235 403
0.7 235 416
0.71 234 429
0.72 236 448
0.73 236 456
0.74 237 462
0.75 237 467
0.76 240 474
0.77 240 477
0.78 241 478
0.79 241 479
0.8 241 479
0.81 241 481
0.82 241 481
0.83 241 482
0.84 241 482
0.85 241 482
0.86 241 481
0.87 241 481
0.88 241 481
0.89 241 481
0.9 240 481
0.91 240 479

Label: V
Points: 52
0 101 491
0.01 101 491
0.02 102 491
0.03 104 489
0.04 105 487
0.05 105 484
0.06 107 479
0.07 108 472
0.08 111 462
0.09 113 446
0.1 113 427
0.11 117 407
0.12 118 385
0.13 123 364
0.14 128 345
0.15 132 326
0.16 141 309
0.17 145 297
0.18 150 288
0.19 154 278
0.2 157 268
0.21 159 264
0.22 159 263
0.23 160 263
0.24 160 263
0.25 160 264
0.26 163 266
0.27 165 269
0.28 167 273
0.29 172 279
0.3 177 288
0.31 183 299
0.32 196 324
0.33 203 336
0.34 209 349
0.35 215 361
0.36 224 389
0.37 227 403
0.38 230 417
0.39 234 432
0.4 241 455
0.41 245 465
0.42 248 471
0.43 251 478
0.44 253 482
0.45 257 485
0.46 259 488
0.47 264 488
0.48 265 490
0.49 265 491
0.5 264 491
0.51 264 491

Label: Y
Points: 67
0 108 519
0.01 105 523
0.02 105 525
0.03 102 525
0.04 102 527
0.05 102 527
0.06 102 527
0.07 101 527
0.08 101 528
0.09 101 528
0.1 101 528
0.11 101 528
0.12 101 528
0.13 101 526
0.14 103 523
0.15 103 519
0.16 110 507
0.17 112 498
0.18 116 488
0.19 120 479
0.2 124 468
0.21 129 458
0.22 134 446
0.23 140 434
0.24 144 423
0.25 149 412
0.26 154 404
0.27 157 398
0.28 159 392
0.29 161 389
0.3 161 389
0.31 161 388
0.32 163 388
0.33 163 386
0.34 163 386
0.35 165 385
0.36 165 386
0.37 167 386
0.38 168 389
0.39 170 393
0.4 174 396
0.41 177 403
0.42 181 408
0.43 186 416
0.44 192 423
0.45 196 431
0.46 201 439
0.47 206 447
0.48 211 457
0.49 218 465
0.5 227 480
0.51 231 485
0.52 235 490
0.53 239 493
0.54 242 496
0.55 246 498
0.56 248 500
0.57 250 503
0.58 252 503
0.59 252 505
0.6 252 505
0.61 252 507
0.62 252 507
0.63 253 507
0.64 253 508
0.65 253 508
0.66 253 508

Label: X
Points: 30
0 98 478
0.01 98 481
0.02 98 482
0.03 98 482
0.04 98 482
0.05 96 481
0.06 96 476
0.07 96 471
0.08 96 464
0.09 103 451
0.1 108 439
0.11 114 424
0.12 121 410
0.13 125 398
0.14 132 382
0.15 141 367
0.16 147 353
0.17 161 331
0.18 164 323
0.19 169 315
0.2 171 307
0.21 174 301
0.22 178 295
0.23 180 288
0.24 182 285
0.25 182 282
0.26 184 280
0.27 187 280
0.28 187 280
0.29 190 280

Label: Z
Points: 76
0 89 489
0.01 88 489
0.02 88 489
0.03 88 489
0.04 89 489
0.05 91 491
0.06 92 492
0.07 97 492
0.08 102 494
0.09 111 495
0.1 123 495
0.11 135 495
0.12 163 493
0.13 174 493
0.14 187 492
0.15 197 492
0.16 220 487
0.17 231 485
0.18 240 482
0.19 247 478
0.2 254 475
0.21 257 473
0.22 257 471
0.23 257 468
0.24 255 462
0.25 250 458
0.26 245 452
0.27 238 446
0.28 218 432
0.29 207 424
0.3 198 416
0.31 187 409
0.32 166 392
0.33 156 384
0.34 148 375
0.35 141 367
0.36 128 352
0.37 124 344
0.38 119 337
0.39 116 330
0.4 112 317
0.41 109 313
0.42 109 309
0.43 105 306
0.44 105 302
0.45 105 300
0.46 104 300
0.47 104 299
0.48 104 297
0.49 104 295
0.5 108 292
0.51 111 292
0.52 121 286
0.53 126 284
0.54 135 282
0.55 144 281
0.56 161 281
0.57 169 281
0.58 177 282
0.59 184 283
0.6 197 285
0.61 202 286
0.62 206 288
0.63 211 288
0.64 218 288
0.65 222 288
0.66 224 288
0.67 226 286
0.68 231 284
0.69 231 284
0.7 233 284
0.71 233 282
0.72 233 281
0.73 233 281
0.74 233 281
0.75 233 281

Label: a
Points: 77
0 221 366
0.01 221 369
0.02 221 372
0.03 221 375
0.04 220 383
0.05 219 387
0.06 219 392
0.07 215 396
0.08 212 401
0.09 208 406
0.1 201 412
0.11 194 418
0.12 185 424
0.13 176 430
0.14 168 434
0.15 158 438
0.16 144 441
0.17 138 441
0.18 136 441
0.19 132 438
0.2 129 434
0.21 126 428
0.22 121 420
0.23 118 410
0.24 113 389
0.25 111 381
0.26 111 371
0.27 113 363
0.28 117 347
0.29 117 341
0.3 122 334
0.31 126 329
0.32 137 321
0.33 142 318
0.34 147 316
0.35 151 314
0.36 158 312
0.37 168 312
0.38 175 312
0.39 185 315
0.4 197 316
0.41 202 319
0.42 207 320
0.43 212 323
0.44 217 330
0.45 219 336
0.46 222 340
0.47 223 347
0.48 225 354
0.49 225 362
0.5 225 369
0.51 225 375
0.52 224 380
0.53 224 383
0.54 222 383
0.55 222 385
0.56 222 385
0.57 222 385
0.58 222 383
0.59 225 377
0.6 228 371
0.61 230 364
0.62 234 356
0.63 240 339
0.64 240 332
0.65 242 327
0.66 244 317
0.67 245 314
0.68 247 311
0.69 247 309
0.7 252 306
0.71 252 306
0.72 252 305
0.73 253 302
0.74 253 302
0.75 253 300
0.76 253 300

Label: c
Points: 40
0 167 414
0.01 167 416
0.02 167 418
0.03 165 420
0.04 163 423
0.05 156 426
0.06 148 427
0.07 139 429
0.08 118 426
0.09 107 424
0.1 97 419
0.11 88 416
0.12 82 411
0.13 77 402
0.14 71 392
0.15 67 380
0.16 63 367
0.17 63 354
0.18 65 340
0.19 68 328
0.2 73 316
0.21 80 307
0.22 90 300
0.23 99 296
0.24 116 292
0.25 125 293
0.26 134 295
0.27 143 297
0.28 158 301
0.29 165 303
0.3 172 304
0.31 178 304
0.32 182 304
0.33 187 303
0.34 189 301
0.35 189 299
0.36 192 298
0.37 191 296
0.38 191 296
0.39 191 294

Label: b
Points: 69
0 115 472
0.01 115 475
0.02 115 476
0.03 115 476
0.04 115 477
0.05 115 477
0.06 115 475
0.07 113 473
0.08 113 467
0.09 111 456
0.1 111 442
0.11 108 425
0.12 106 392
0.13 106 378
0.14 105 365
0.15 105 353
0.16 106 341
0.17 107 330
0.18 107 319
0.19 110 309
0.2 110 302
0.21 110 298
0.22 110 294
0.23 110 292
0.24 108 292
0.25 108 292
0.26 110 292
0.27 110 295
0.28 110 299
0.29 110 305
0.3 111 312
0.31 113 321
0.32 117 334
0.33 120 349
0.34 125 365
0.35 134 387
0.36 140 396
0.37 146 401
0.38 154 405
0.39 162 407
0.4 171 405
0.41 183 400
0.42 195 389
0.43 209 376
0.44 221 361
0.45 228 343
0.46 236 326
0.47 240 311
0.48 242 295
0.49 238 282
0.5 234 273
0.51 226 264
0.52 208 259
0.53 197 258
0.54 187 259
0.55 176 259
0.56 168 261
0.57 156 265
0.58 145 268
0.59 136 273
0.6 121 280
0.61 116 284
0.62 112 285
0.63 109 286
0.64 108 286
0.65 106 286
0.66 106 286
0.67 106 286
0.68 106 284

Label: e
Points: 85
0 138 348
0.01 138 347
0.02 138 347
0.03 138 347
0.04 136 347
0.05 136 346
0.06 135 348
0.07 135 348
0.08 135 348
0.09 136 345
0.1 137 345
0.11 137 345
0.12 137 346
0.13 139 345
0.14 142 345
0.15 148 344
0.16 160 343
0.17 172 343
0.18 186 340
0.19 200 338
0.2 214 337
0.21 224 335
0.22 234 334
0.23 244 330
0.24 247 330
0.25 247 330
0.26 249 329
0.27 249 329
0.28 249 329
0.29 249 329
0.3 249 329
0.31 249 331
0.32 249 331
0.33 247 333
0.34 247 334
0.35 245 341
0.36 245 344
0.37 242 348
0.38 239 351
0.39 234 355
0.4 221 364
0.41 213 369
0.42 205 374
0.43 195 378
0.44 186 383
0.45 175 388
0.46 164 392
0.47 155 396
0.48 141 397
0.49 135 397
0.5 130 396
0.51 125 394
0.52 122 390
0.53 119 384
0.54 116 376
0.55 115 366
0.56 111 346
0.57 111 336
0.58 109 327
0.59 112 318
0.6 116 301
0.61 120 292
0.62 124 284
0.63 130 277
0.64 136 271
0.65 144 265
0.66 152 261
0.67 162 258
0.68 172 256
0.69 183 258
0.7 193 258
0.71 203 259
0.72 212 259
0.73 220 260
0.74 228 260
0.75 233 261
0.76 240 261
0.77 240 261
0.78 243 261
0.79 243 261
0.8 244 261
0.81 244 261
0.82 244 261
0.83 244 260
0.84 244 259

Label: d
Points: 63
0 208 340
0.01 208 344
0.02 205 348
0.03 203 351
0.04 199 354
0.05 191 357
0.06 184 360
0.07 173 362
0.08 151 362
0.09 140 360
0.1 131 357
0.11 122 354
0.12 116 350
0.13 110 343
0.14 104 334
0.15 99 323
0.16 94 303
0.17 94 293
0.18 94 285
0.19 96 276
0.2 99 268
0.21 105 259
0.22 125 243
0.23 130 242
0.24 135 240
0.25 141 238
0.26 150 237
0.27 161 237
0.28 172 237
0.29 183 240
0.3 202 243
0.31 206 246
0.32 212 250
0.33 215 255
0.34 220 260
0.35 224 267
0.36 228 276
0.37 231 286
0.38 235 306
0.39 235 316
0.4 235 326
0.41 235 338
0.42 235 350
0.43 233 365
0.44 230 382
0.45 227 397
0.46 223 423
0.47 222 432
0.48 222 441
0.49 220 448
0.5 220 460
0.51 219 465
0.52 219 468
0.53 219 470
0.54 219 471
0.55 219 471
0.56 219 471
0.57 219 472
0.58 219 472
0.59 219 472
0.6 220 471
0.61 220 470
0.62 217 465

Label: g
Points: 80
0 183 323
0.01 181 328
0.02 177 333
0.03 173 339
0.04 162 349
0.05 156 354
0.06 148 360
0.07 139 366
0.08 131 370
0.09 119 375
0.1 108 379
0.11 98 381
0.12 84 381
0.13 80 378
0.14 76 373
0.15 73 365
0.16 73 356
0.17 72 345
0.18 73 331
0.19 76 319
0.2 84 298
0.21 89 291
0.22 95 284
0.23 102 278
0.24 116 270
0.25 124 266
0.26 132 264
0.27 141 264
0.28 150 263
0.29 168 266
0.3 174 270
0.31 181 272
0.32 186 275
0.33 195 282
0.34 198 286
0.35 199 290
0.36 199 292
0.37 201 295
0.38 201 300
0.39 201 303
0.4 201 308
0.41 199 313
0.42 199 314
0.43 197 314
0.44 197 314
0.45 197 314
0.46 196 312
0.47 194 310
0.48 194 307
0.49 189 301
0.5 189 296
0.51 187 290
0.52 187 282
0.53 187 263
0.54 187 252
0.55 189 241
0.56 192 229
0.57 199 203
0.58 200 191
0.59 203 180
0.6 206 170
0.61 207 154
0.62 207 147
0.63 205 141
0.64 204 135
0.65 199 126
0.66 194 123
0.67 187 119
0.68 181 117
0.69 172 117
0.7 162 117
0.71 152 117
0.72 140 120
0.73 126 123
0.74 120 125
0.75 116 127
0.76 113 131
0.77 110 133
0.78 108 137
0.79 108 140

Label: f
Points: 46
0 214 442
0.01 213 448
0.02 209 454
0.03 206 458
0.04 196 464
0.05 190 468
0.06 184 472
0.07 179 474
0.08 173 474
0.09 166 474
0.1 158 472
0.11 148 469
0.12 139 467
0.13 125 460
0.14 119 455
0.15 114 448
0.16 110 442
0.17 106 434
0.18 103 423
0.19 101 412
0.2 99 400
0.21 99 388
0.22 99 375
0.23 101 360
0.24 106 345
0.25 110 332
0.26 113 319
0.27 116 306
0.28 118 295
0.29 121 276
0.3 121 269
0.31 121 262
0.32 121 257
0.33 121 252
0.34 124 247
0.35 124 243
0.36 124 240
0.37 124 237
0.38 124 236
0.39 124 235
0.4 124 235
0.41 124 235
0.42 124 235
0.43 124 236
0.44 122 236
0.45 122 236

Label: i
Points: 32
0 116 352
0.01 116 352
0.02 116 352
0.03 116 350
0.04 119 347
0.05 121 342
0.06 121 334
0.07 125 324
0.08 125 305
0.09 125 297
0.1 123 289
0.11 123 280
0.12 121 272
0.13 118 262
0.14 118 251
0.15 117 242
0.16 115 229
0.17 115 225
0.18 115 222
0.19 115 218
0.2 117 215
0.21 119 211
0.22 119 211
0.23 119 210
0.24 119 210
0.25 119 210
0.26 119 210
0.27 119 210
0.28 119 210
0.29 119 212
0.3 121 215
0.31 123 218

Label: h
Points: 64
0 149 393
0.01 149 393
0.02 146 395
0.03 143 395
0.04 142 395
0.05 142 393
0.06 139 390
0.07 138 385
0.08 135 378
0.09 133 366
0.1 133 354
0.11 133 340
0.12 135 314
0.13 135 301
0.14 135 289
0.15 133 278
0.16 130 258
0.17 130 251
0.18 128 245
0.19 128 239
0.2 128 236
0.21 125 231
0.22 125 228
0.23 125 226
0.24 126 225
0.25 126 225
0.26 126 225
0.27 125 226
0.28 125 232
0.29 127 235
0.3 131 240
0.31 133 246
0.32 138 260
0.33 143 267
0.34 146 275
0.35 152 286
0.36 159 305
0.37 161 315
0.38 166 322
0.39 169 329
0.4 174 332
0.41 181 332
0.42 185 332
0.43 194 328
0.44 208 315
0.45 217 306
0.46 222 297
0.47 227 288
0.48 233 278
0.49 236 266
0.5 241 255
0.51 245 246
0.52 251 234
0.53 253 230
0.54 255 228
0.55 255 226
0.56 256 225
0.57 256 225
0.58 256 223
0.59 256 223
0.6 254 218
0.61 255 216
0.62 255 213
0.63 256 211

Label: k
Points: 27
0 131 413
0.01 131 415
0.02 131 415
0.03 131 415
0.04 130 415
0.05 130 409
0.06 130 402
0.07 128 391
0.08 130 377
0.09 129 360
0.1 128 344
0.11 128 327
0.12 125 312
0.13 125 297
0.14 122 281
0.15 122 265
0.16 118 241
0.17 117 232
0.18 117 224
0.19 117 217
0.2 116 211
0.21 116 205
0.22 116 203
0.23 114 201
0.24 114 202
0.25 116 202
0.26 116 204

Label: j
Points: 39
0 168 305
0.01 167 306
0.02 167 306
0.03 167 305
0.04 167 304
0.05 169 302
0.06 169 302
0.07 169 298
0.08 169 294
0.09 171 285
0.1 171 271
0.11 173 256
0.12 171 239
0.13 171 223
0.14 171 207
0.15 171 192
0.16 171 168
0.17 171 160
0.18 173 152
0.19 173 146
0.2 173 135
0.21 173 131
0.22 171 127
0.23 169 123
0.24 164 118
0.25 159 116
0.26 151 115
0.27 144 114
0.28 127 115
0.29 118 117
0.3 111 117
0.31 108 118
0.32 104 118
0.33 103 120
0.34 99 124
0.35 95 128
0.36 90 138
0.37 90 142
0.38 90 147

Label: m
Points: 110
0 107 421
0.01 107 422
0.02 105 423
0.03 104 423
0.04 104 425
0.05 99 425
0.06 98 425
0.07 96 422
0.08 94 419
0.09 93 413
0.1 91 403
0.11 90 392
0.12 90 378
0.13 90 365
0.14 93 352
0.15 96 337
0.16 99 324
0.17 103 302
0.18 106 295
0.19 107 286
0.2 109 280
0.21 111 270
0.22 111 269
0.23 111 267
0.24 111 267
0.25 111 267
0.26 111 267
0.27 111 267
0.28 111 267
0.29 111 267
0.3 109 269
0.31 109 271
0.32 107 276
0.33 107 281
0.34 106 287
0.35 106 296
0.36 106 305
0.37 107 316
0.38 109 333
0.39 109 348
0.4 111 365
0.41 111 382
0.42 113 396
0.43 115 406
0.44 116 415
0.45 118 422
0.46 118 424
0.47 120 424
0.48 122 424
0.49 125 420
0.5 132 415
0.51 137 409
0.52 143 401
0.53 152 386
0.54 156 377
0.55 159 369
0.56 161 362
0.57 164 349
0.58 164 344
0.59 166 338
0.6 166 335
0.61 166 333
0.62 168 331
0.63 168 331
0.64 168 331
0.65 166 331
0.66 166 332
0.67 166 334
0.68 168 340
0.69 168 344
0.7 170 350
0.71 170 358
0.72 171 377
0.73 173 388
0.74 173 400
0.75 175 422
0.76 177 433
0.77 180 440
0.78 183 445
0.79 192 447
0.8 197 445
0.81 201 443
0.82 212 429
0.83 219 419
0.84 224 409
0.85 230 396
0.86 238 373
0.87 242 363
0.88 244 353
0.89 247 344
0.9 247 335
0.91 249 326
0.92 247 309
0.93 246 306
0.94 246 302
0.95 243 295
0.96 243 292
0.97 241 291
0.98 241 289
0.99 241 287
1.0 241 286
1.01 241 285
1.02 238 283
1.03 236 281
1.04 236 279
1.05 238 278
1.06 238 277
1.07 239 274
1.08 239 274
1.09 239 273

Label: l
Points: 29
0 180 409
0.01 180 409
0.02 180 410
0.03 180 410
0.04 180 408
0.05 180 406
0.06 180 402
0.07 183 395
0.08 185 374
0.09 185 359
0.1 185 345
0.11 184 331
0.12 184 318
0.13 184 304
0.14 182 289
0.15 182 277
0.16 182 265
0.17 182 257
0.18 182 248
0.19 184 241
0.2 182 234
0.21 182 228
0.22 182 224
0.23 182 221
0.24 182 217
0.25 182 217
0.26 182 216
0.27 181 216
0.28 181 214

Label: o
Points: 46
0 180 439
0.01 182 438
0.02 185 436
0.03 188 433
0.04 200 420
0.05 205 411
0.06 211 399
0.07 219 384
0.08 233 352
0.09 239 336
0.1 243 320
0.11 244 305
0.12 244 281
0.13 241 272
0.14 238 264
0.15 232 257
0.16 215 249
0.17 205 247
0.18 195 247
0.19 183 247
0.2 171 251
0.21 156 258
0.22 143 263
0.23 133 271
0.24 124 276
0.25 119 283
0.26 115 291
0.27 112 300
0.28 112 309
0.29 112 318
0.3 112 328
0.31 115 337
0.32 119 356
0.33 122 365
0.34 125 373
0.35 129 379
0.36 134 386
0.37 137 391
0.38 143 394
0.39 147 398
0.4 152 401
0.41 159 401
0.42 164 404
0.43 169 404
0.44 175 409
0.45 177 410

Label: n
Points: 69
0 106 356
0.01 106 355
0.02 106 353
0.03 106 350
0.04 104 337
0.05 104 328
0.06 104 318
0.07 105 307
0.08 105 297
0.09 105 284
0.1 105 272
0.11 105 262
0.12 105 253
0.13 102 243
0.14 102 238
0.15 102 234
0.16 102 231
0.17 101 227
0.18 101 225
0.19 101 223
0.2 101 223
0.21 101 222
0.22 101 220
0.23 101 222
0.24 101 220
0.25 101 220
0.26 99 221
0.27 99 223
0.28 100 226
0.29 102 230
0.3 102 235
0.31 102 251
0.32 103 260
0.33 103 270
0.34 103 282
0.35 106 293
0.36 109 308
0.37 114 322
0.38 119 334
0.39 130 349
0.4 135 353
0.41 140 354
0.42 144 355
0.43 150 354
0.44 158 351
0.45 164 345
0.46 173 338
0.47 186 321
0.48 193 313
0.49 198 306
0.5 204 298
0.51 211 281
0.52 214 273
0.53 217 264
0.54 219 257
0.55 221 249
0.56 223 241
0.57 223 236
0.58 223 230
0.59 218 223
0.6 217 220
0.61 216 218
0.62 216 218
0.63 213 216
0.64 213 218
0.65 212 218
0.66 209 218
0.67 207 218
0.68 205 218

Label: q
Points: 75
0 184 308
0.01 184 311
0.02 182 315
0.03 180 319
0.04 169 328
0.05 162 331
0.06 153 335
0.07 143 339
0.08 122 342
0.09 111 342
0.1 101 342
0.11 92 339
0.12 85 337
0.13 76 331
0.14 69 324
0.15 64 318
0.16 59 309
0.17 55 300
0.18 55 291
0.19 55 282
0.2 57 273
0.21 63 266
0.22 67 261
0.23 74 255
0.24 80 252
0.25 90 250
0.26 99 248
0.27 110 248
0.28 129 247
0.29 136 248
0.3 143 249
0.31 150 251
0.32 159 255
0.33 161 257
0.34 164 259
0.35 165 262
0.36 168 263
0.37 171 265
0.38 171 267
0.39 174 269
0.4 174 272
0.41 174 274
0.42 174 274
0.43 174 275
0.44 174 275
0.45 174 275
0.46 174 275
0.47 174 275
0.48 172 273
0.49 174 266
0.5 174 259
0.51 176 247
0.52 177 219
0.53 177 204
0.54 177 190
0.55 176 175
0.56 172 149
0.57 172 137
0.58 170 125
0.59 170 115
0.6 167 97
0.61 165 89
0.62 165 83
0.63 163 77
0.64 163 69
0.65 162 66
0.66 162 66
0.67 162 64
0.68 162 64
0.69 162 66
0.7 162 66
0.71 162 67
0.72 162 69
0.73 160 70
0.74 160 70

Label: p
Points: 30
0 110 310
0.01 110 310
0.02 109 310
0.03 109 309
0.04 109 305
0.05 109 301
0.06 110 294
0.07 110 285
0.08 115 265
0.09 115 252
0.1 115 240
0.11 114 226
0.12 110 198
0.13 109 183
0.14 107 170
0.15 105 157
0.16 105 146
0.17 104 133
0.18 104 123
0.19 104 115
0.2 105 105
0.21 105 103
0.22 105 103
0.23 105 103
0.24 105 103
0.25 105 101
0.26 105 101
0.27 105 101
0.28 103 103
0.29 103 106

Label: s
Points: 65
0 208 390
0.01 208 390
0.02 208 391
0.03 206 391
0.04 204 393
0.05 198 395
0.06 190 397
0.07 179 400
0.08 168 402
0.09 155 402
0.1 144 402
0.11 134 401
0.12 125 400
0.13 119 395
0.14 112 389
0.15 107 384
0.16 99 371
0.17 97 366
0.18 96 361
0.19 96 358
0.2 94 355
0.21 94 352
0.22 94 350
0.23 94 348
0.24 96 347
0.25 99 345
0.26 102 344
0.27 108 341
0.28 114 339
0.29 123 337
0.3 132 334
0.31 142 332
0.32 152 329
0.33 162 327
0.34 173 324
0.35 181 319
0.36 191 315
0.37 203 303
0.38 207 298
0.39 212 292
0.4 216 286
0.41 218 281
0.42 218 274
0.43 218 269
0.44 215 264
0.45 206 254
0.46 200 250
0.47 192 247
0.48 183 244
0.49 167 239
0.5 158 238
0.51 150 238
0.52 142 237
0.53 134 237
0.54 126 237
0.55 119 238
0.56 113 239
0.57 109 239
0.58 104 241
0.59 101 244
0.6 98 244
0.61 95 247
0.62 95 247
0.63 95 247
0.64 95 248

Label: r
Points: 59
0 100 368
0.01 100 368
0.02 99 368
0.03 99 367
0.04 99 367
0.05 98 360
0.06 99 353
0.07 99 345
0.08 100 334
0.09 100 323
0.1 100 313
0.11 100 301
0.12 100 294
0.13 100 287
0.14 100 278
0.15 100 271
0.16 100 262
0.17 103 250
0.18 103 244
0.19 103 240
0.2 103 237
0.21 103 234
0.22 104 234
0.23 104 232
0.24 104 232
0.25 104 232
0.26 103 232
0.27 104 235
0.28 104 240
0.29 106 250
0.3 106 257
0.31 106 264
0.32 107 272
0.33 107 280
0.34 111 291
0.35 113 302
0.36 115 313
0.37 119 322
0.38 122 330
0.39 128 337
0.4 133 343
0.41 136 347
0.42 143 349
0.43 150 351
0.44 158 351
0.45 169 352
0.46 178 352
0.47 186 350
0.48 193 350
0.49 199 349
0.5 203 349
0.51 206 349
0.52 209 349
0.53 210 347
0.54 210 347
0.55 210 347
0.56 210 345
0.57 210 343
0.58 210 342

Label: u
Points: 56
0 91 378
0.01 90 380
0.02 90 380
0.03 90 381
0.04 90 381
0.05 90 382
0.06 90 382
0.07 90 381
0.08 88 381
0.09 88 381
0.1 88 380
0.11 87 378
0.12 87 373
0.13 85 363
0.14 86 352
0.15 86 338
0.16 86 324
0.17 89 308
0.18 90 293
0.19 95 279
0.2 103 260
0.21 109 254
0.22 112 248
0.23 117 244
0.24 130 239
0.25 136 239
0.26 143 238
0.27 150 240
0.28 157 241
0.29 168 244
0.3 177 247
0.31 184 250
0.32 195 256
0.33 199 259
0.34 203 263
0.35 207 268
0.36 209 273
0.37 213 278
0.38 215 286
0.39 217 295
0.4 220 302
0.41 220 312
0.42 220 320
0.43 220 328
0.44 220 336
0.45 215 348
0.46 212 353
0.47 211 356
0.48 211 359
0.49 208 362
0.5 208 362
0.51 208 364
0.52 206 366
0.53 206 366
0.54 203 366
0.55 200 366

Label: t
Points: 43
0 148 447
0.01 148 450
0.02 146 452
0.03 146 452
0.04 146 452
0.05 145 452
0.06 147 450
0.07 147 449
0.08 145 445
0.09 145 435
0.1 145 424
0.11 143 411
0.12 145 396
0.13 145 383
0.14 145 367
0.15 145 349
0.16 145 332
0.17 147 315
0.18 147 300
0.19 147 289
0.2 147 277
0.21 147 268
0.22 149 260
0.23 149 253
0.24 153 246
0.25 158 237
0.26 162 234
0.27 164 232
0.28 166 231
0.29 172 227
0.3 174 227
0.31 179 225
0.32 183 225
0.33 192 227
0.34 197 229
0.35 201 230
0.36 207 231
0.37 215 233
0.38 219 234
0.39 224 237
0.4 229 242
0.41 232 245
0.42 232 247

Label: w
Points: 107
0 105 460
0.01 105 461
0.02 103 461
0.03 103 463
0.04 103 463
0.05 103 465
0.06 103 465
0.07 101 465
0.08 101 466
0.09 100 466
0.1 100 466
0.11 99 466
0.12 99 466
0.13 99 468
0.14 97 469
0.15 97 470
0.16 96 470
0.17 97 470
0.18 97 469
0.19 97 469
0.2 97 469
0.21 97 469
0.22 97 469
0.23 97 469
0.24 97 470
0.25 97 470
0.26 97 468
0.27 97 468
0.28 99 465
0.29 99 462
0.3 99 459
0.31 101 451
0.32 102 443
0.33 104 435
0.34 106 423
0.35 110 411
0.36 114 398
0.37 118 386
0.38 128 365
0.39 132 356
0.4 136 349
0.41 139 342
0.42 145 330
0.43 148 324
0.44 152 319
0.45 154 315
0.46 156 312
0.47 158 309
0.48 161 307
0.49 163 305
0.5 166 304
0.51 167 304
0.52 169 306
0.53 171 308
0.54 175 314
0.55 178 318
0.56 180 323
0.57 182 327
0.58 185 337
0.59 185 340
0.6 185 343
0.61 185 345
0.62 187 348
0.63 187 348
0.64 189 348
0.65 189 346
0.66 195 338
0.67 198 331
0.68 204 325
0.69 207 320
0.7 215 310
0.71 219 305
0.72 223 301
0.73 226 297
0.74 235 292
0.75 239 291
0.76 243 291
0.77 247 291
0.78 255 291
0.79 257 291
0.8 261 293
0.81 263 295
0.82 266 297
0.83 269 300
0.84 271 304
0.85 274 309
0.86 274 316
0.87 276 325
0.88 277 334
0.89 277 347
0.9 277 371
0.91 275 383
0.92 275 393
0.93 275 403
0.94 272 412
0.95 272 420
0.96 272 427
0.97 274 438
0.98 274 441
0.99 277 445
1.0 277 449
1.01 277 453
1.02 277 458
1.03 275 462
1.04 275 468
1.05 275 470
1.06 275 473

Label: v
Points: 71
0 80 389
0.01 80 391
0.02 82 391
0.03 82 390
0.04 82 390
0.05 86 388
0.06 87 388
0.07 90 385
0.08 93 381
0.09 96 376
0.1 99 367
0.11 104 355
0.12 111 332
0.13 114 321
0.14 117 311
0.15 120 300
0.16 122 289
0.17 125 278
0.18 128 268
0.19 131 259
0.2 134 252
0.21 137 246
0.22 139 241
0.23 141 237
0.24 141 232
0.25 143 231
0.26 145 228
0.27 145 227
0.28 145 226
0.29 145 226
0.3 145 227
0.31 145 227
0.32 148 227
0.33 150 227
0.34 152 229
0.35 156 230
0.36 163 236
0.37 168 240
0.38 170 245
0.39 175 250
0.4 178 257
0.41 182 264
0.42 189 272
0.43 194 282
0.44 205 298
0.45 208 304
0.46 213 312
0.47 217 318
0.48 222 326
0.49 227 335
0.5 231 342
0.51 235 351
0.52 240 360
0.53 243 363
0.54 244 365
0.55 246 367
0.56 247 370
0.57 247 370
0.58 247 371
0.59 247 372
0.6 247 372
0.61 249 374
0.62 249 374
0.63 249 374
0.64 249 373
0.65 250 373
0.66 250 373
0.67 250 373
0.68 250 374
0.69 248 373
0.7 246 373

Label: y
Points: 24
0 104 353
0.01 104 353
0.02 104 353
0.03 104 352
0.04 104 349
0.05 107 345
0.06 110 340
0.07 121 321
0.08 127 311
0.09 133 302
0.1 138 293
0.11 143 284
0.12 149 274
0.13 153 266
0.14 159 258
0.15 165 248
0.16 167 243
0.17 167 240
0.18 169 239
0.19 171 236
0.2 171 236
0.21 171 233
0.22 171 233
0.23 171 233

Label: x
Points: 27
0 112 390
0.01 112 390
0.02 113 390
0.03 113 388
0.04 117 384
0.05 122 376
0.06 128 366
0.07 136 354
0.08 144 342
0.09 154 327
0.1 162 312
0.11 171 298
0.12 183 271
0.13 189 260
0.14 194 251
0.15 200 245
0.16 203 241
0.17 208 236
0.18 210 233
0.19 210 229
0.2 214 225
0.21 214 223
0.22 214 223
0.23 215 220
0.24 215 219
0.25 215 219
0.26 215 219

Label: z
Points: 69
0 111 403
0.01 111 403
0.02 111 403
0.03 110 405
0.04 109 405
0.05 109 405
0.06 109 405
0.07 109 405
0.08 109 405
0.09 109 404
0.1 111 404
0.11 115 402
0.12 117 401
0.13 126 401
0.14 134 399
0.15 143 398
0.16 164 398
0.17 173 396
0.18 181 396
0.19 189 393
0.2 196 392
0.21 203 391
0.22 210 388
0.23 214 388
0.24 219 382
0.25 219 381
0.26 219 377
0.27 219 374
0.28 219 369
0.29 215 362
0.3 210 356
0.31 205 349
0.32 190 337
0.33 184 331
0.34 177 325
0.35 170 318
0.36 156 304
0.37 150 297
0.38 146 289
0.39 141 282
0.4 138 268
0.41 137 262
0.42 137 257
0.43 134 253
0.44 134 250
0.45 134 248
0.46 134 245
0.47 137 243
0.48 138 241
0.49 143 236
0.5 145 233
0.51 149 231
0.52 151 229
0.53 155 228
0.54 160 228
0.55 166 228
0.56 174 230
0.57 187 232
0.58 192 232
0.59 198 232
0.6 203 232
0.61 209 232
0.62 215 232
0.63 218 232
0.64 221 229
0.65 223 229
0.66 225 227
0.67 225 227
0.68 227 229

