Points: 24
Width: 0.221736
Duration: 384.258
Centroid: 0.486736 0.611597
0 0.552458 1
0.0097667 0.552458 0.992484
0.0330741 0.541184 0.954901
0.0549354 0.526151 0.875979
0.07807 0.518634 0.823364
0.101113 0.477294 0.66176
0.123048 0.473536 0.417476
0.145161 0.462261 0.17695
0.168047 0.473536 0.0679613
0.190254 0.492327 0.030379
0.212923 0.514876 0.0228626
0.235453 0.544942 0.0266208
0.257787 0.597557 0.0529285
0.280983 0.657689 0.0942689
0.823188 0.315691 0.579079
0.823844 0.330723 0.575321
0.845181 0.349514 0.575321
0.867564 0.383339 0.571563
0.888782 0.432195 0.571563
0.911454 0.488569 0.579079
0.934134 0.537426 0.586596
0.956071 0.578766 0.586596
0.977841 0.597557 0.586596
1 0.601315 0.590354

Points: 26
Width: 0.403718
Duration: 209.469
Centroid: 0.509679 0.441282
0 0.403382 1
0.0174875 0.403382 0.997936
0.0596282 0.405446 0.97523
0.0985566 0.405446 0.91537
0.139839 0.413703 0.764687
0.178796 0.428152 0.589235
0.220125 0.421959 0.426167
0.26014 0.419895 0.345665
0.300901 0.419895 0.314703
0.341223 0.419895 0.310575
0.380972 0.419895 0.312639
0.423668 0.424023 0.331216
0.464382 0.43228 0.362179
0.505427 0.454986 0.405526
0.546975 0.494204 0.44268
0.587824 0.537552 0.46745
0.628492 0.568514 0.475707
0.670059 0.585027 0.475707
0.711016 0.589155 0.473642
0.751944 0.597412 0.457129
0.79387 0.607733 0.426167
0.835298 0.622182 0.38282
0.877005 0.628374 0.360114
0.919388 0.632502 0.337409
0.959505 0.632502 0.327088
1 0.632502 0.32296

Points: 31
Width: 0.108763
Duration: 253.777
Centroid: 0.469946 0.53043
0 0.201433 0.666584
0.0176166 0.216757 0.643598
0.0510913 0.27039 0.612951
0.0844005 0.324023 0.582303
0.117475 0.43129 0.551656
0.151277 0.55388 0.543994
0.185767 0.622837 0.559318
0.220858 0.707118 0.612951
0.254048 0.776075 0.674246
0.28755 0.791399 0.727879
0.320259 0.806722 0.773851
0.35468 0.806722 0.81216
0.388974 0.806722 0.835146
0.423604 0.776075 0.850469
0.458548 0.737765 0.858131
0.492073 0.653484 0.865793
0.524855 0.55388 0.850469
0.558861 0.454275 0.819822
0.59327 0.339347 0.704893
0.628119 0.247404 0.589965
0.661255 0.186109 0.444389
0.695669 0.155462 0.329461
0.729309 0.155462 0.206871
0.763391 0.186109 0.130252
0.797332 0.255066 0.061295
0.832292 0.339347 0.0153238
0.866728 0.461937 0
0.90085 0.584528 0.00766188
0.932662 0.653484 0.0383094
0.966772 0.707118 0.0536332
1 0.737765 0.0766188

Points: 0
Width: -9.46063e-37
Duration: 4.59163e-41
Centroid: 0 0

Points: 32
Width: 0.24875
Duration: 263.581
Centroid: 0.491042 0.487083
0 0.414154 0.757119
0.0143568 0.410804 0.753769
0.0482574 0.410804 0.706868
0.0800683 0.410804 0.606365
0.113369 0.430905 0.425461
0.146354 0.430905 0.207705
0.179254 0.430905 0.0670016
0.211554 0.430905 0.0100502
0.24541 0.430905 0
0.277777 0.434255 0.00335008
0.310299 0.437605 0.043551
0.343311 0.440955 0.140703
0.376533 0.440955 0.304858
0.408752 0.447655 0.452261
0.443075 0.461055 0.589615
0.476149 0.497906 0.663316
0.507256 0.528057 0.703518
0.540201 0.548157 0.716918
0.573527 0.568258 0.726968
0.606161 0.581658 0.726968
0.63912 0.591709 0.723618
0.671405 0.601759 0.710218
0.704091 0.608459 0.680067
0.736113 0.621859 0.626466
0.769124 0.625209 0.599665
0.80245 0.621859 0.576214
0.83621 0.605109 0.569514
0.868121 0.585008 0.566164
0.900455 0.558208 0.569514
0.933848 0.514657 0.579564
0.966566 0.457705 0.592965
1 0.420854 0.599665

Points: 23
Width: 0.0937681
Duration: 187.569
Centroid: 0.503768 0.536087
0 0.53323 0.840803
0.0346174 0.506568 0.849691
0.081449 0.417697 0.849691
0.127286 0.293277 0.805255
0.174394 0.168856 0.716383
0.219913 0.053323 0.583076
0.26574 0 0.458655
0.310812 0 0.289799
0.35767 0.00888716 0.19204
0.403304 0.0977589 0.085394
0.447595 0.195518 0.0409583
0.494916 0.373261 0.0409583
0.54093 0.551004 0.085394
0.586033 0.693199 0.174266
0.632178 0.826507 0.325348
0.678197 0.888717 0.476429
0.724628 0.906491 0.565301
0.771496 0.897604 0.627511
0.819176 0.879829 0.636398
0.863051 0.870942 0.66306
0.909226 0.835394 0.698609
0.953288 0.782071 0.72527
1 0.719861 0.769706

Points: 13
Width: 0.171154
Duration: 240.213
Centroid: 0.528462 0.530513
0 0.489887 0.756554
0.0329298 0.489887 0.751685
0.0701282 0.48015 0.707865
0.105741 0.465543 0.654307
0.141598 0.450936 0.556929
0.177361 0.450936 0.444944
0.212121 0.460674 0.337828
0.24964 0.485019 0.269663
0.285928 0.519101 0.240449
0.322675 0.553183 0.23558
0.358239 0.606741 0.255056
0.392779 0.640824 0.289138
1 0.407116 1

Points: 26
Width: 0.0814743
Duration: 213.821
Centroid: 0.564808 0.566923
0 0.603463 0.979151
0.0366106 0.603463 0.989379
0.0784187 0.583006 0.989379
0.118103 0.521637 0.999607
0.158235 0.429584 0.999607
0.198869 0.265933 0.989379
0.239188 0.122738 0.938238
0.280151 0.0102284 0.876869
0.31889 0 0.8155
0.359557 0.0102284 0.754131
0.39783 0.0715974 0.682534
0.438382 0.255704 0.559795
0.477089 0.45004 0.488198
0.517755 0.67506 0.406373
0.558079 0.859167 0.304091
0.597567 0.961449 0.242722
0.637598 0.971677 0.212037
0.677365 0.971677 0.181353
0.716674 0.951221 0.150668
0.757208 0.90008 0.109756
0.797504 0.828483 0.0892993
0.838728 0.695516 0.068843
0.880166 0.501181 0.0586148
0.919636 0.347758 0.0381585
0.959471 0.235248 0.0381585
1 0.173879 0.0381585

Points: 25
Width: 0.113067
Duration: 203.225
Centroid: 0.5364 0.5336
0 0.501179 0.859965
0.0235173 0.464328 0.859965
0.0655304 0.368514 0.859965
0.10787 0.280071 0.852594
0.150647 0.147406 0.786262
0.194039 0.0589622 0.705189
0.238369 0.00737028 0.587264
0.279137 0 0.447229
0.319584 0.0294811 0.292453
0.361582 0.103184 0.159788
0.403422 0.198998 0.0787148
0.445805 0.309552 0.0418634
0.488635 0.449587 0.0344931
0.530187 0.655955 0.086085
0.573882 0.78862 0.152418
0.616145 0.891804 0.240861
0.658192 0.943396 0.329304
0.701094 0.958137 0.403007
0.744212 0.958137 0.47671
0.786821 0.950766 0.520932
0.829958 0.906545 0.587264
0.871895 0.810731 0.675708
0.914191 0.663325 0.778892
0.957204 0.552771 0.830484
1 0.501179 0.852594

Points: 28
Width: 0.0825596
Duration: 223.465
Centroid: 0.574226 0.540893
0 0.181687 0.979091
0.000878389 0.181687 0.938716
0.0368093 0.171593 0.777217
0.0747068 0.1615 0.555155
0.113111 0.1615 0.302812
0.150427 0.151406 0.111031
0.189247 0.1615 0.0201874
0.229041 0.1615 0
0.267087 0.171593 0
0.304858 0.171593 0.0201874
0.342733 0.171593 0.151406
0.381129 0.171593 0.333093
0.419402 0.201875 0.555155
0.457125 0.292718 0.746936
0.496705 0.393655 0.847873
0.53434 0.504686 0.908435
0.571888 0.656092 0.94881
0.611721 0.797404 0.94881
0.649999 0.857966 0.94881
0.689015 0.898341 0.918529
0.727704 0.918529 0.857966
0.766803 0.938716 0.726748
0.804351 0.938716 0.555155
0.844827 0.938716 0.373468
0.881999 0.918529 0.201875
0.921159 0.908435 0.121125
0.961451 0.908435 0.08075
1 0.908435 0.0706563

Points: 0
Width: 6.20661e-36
Duration: 1.4013e-45
Centroid: 0 0

Points: 31
Width: 0.245108
Duration: 375.724
Centroid: 0.457903 0.646774
0 0.68447 0.788769
0.0043016 0.68447 0.798969
0.0281514 0.68107 0.812568
0.0502364 0.674271 0.832968
0.072155 0.653871 0.863566
0.0948508 0.626672 0.883966
0.117744 0.602873 0.887366
0.140359 0.585874 0.887366
0.163097 0.558675 0.883966
0.185699 0.521277 0.856767
0.207994 0.466879 0.795569
0.231449 0.42268 0.710572
0.254465 0.375082 0.557578
0.27825 0.368283 0.411384
0.300836 0.385282 0.285589
0.323137 0.415881 0.197192
0.34622 0.44308 0.108796
0.369508 0.460079 0.0509981
0.393215 0.466879 0.0169994
0.416657 0.466879 0.00339986
0.440374 0.466879 0
0.787556 0.283286 0.367186
0.791444 0.283286 0.370586
0.840342 0.283286 0.373986
0.862918 0.293485 0.373986
0.885292 0.344483 0.380785
0.907998 0.44308 0.384185
0.931151 0.551875 0.390985
0.953914 0.643672 0.404584
0.976309 0.677671 0.407984
1 0.68447 0.411384

Points: 21
Width: 0.100635
Duration: 167.61
Centroid: 0.444286 0.505635
0 0.337934 0.745268
0.00171878 0.337934 0.66246
0.050608 0.346215 0.480284
0.101595 0.346215 0.306388
0.15317 0.346215 0.132492
0.204663 0.346215 0.0331233
0.256862 0.354496 0
0.332081 0.362776 0
0.385946 0.371057 0.041404
0.436868 0.379338 0.074527
0.488187 0.379338 0.231861
0.539261 0.412461 0.455441
0.593586 0.437303 0.645899
0.642208 0.495268 0.761829
0.69225 0.569795 0.836356
0.743796 0.660883 0.852917
0.792989 0.73541 0.852917
0.844581 0.785095 0.852917
0.895539 0.826498 0.852917
0.947458 0.834779 0.844637
1 0.834779 0.836356

Points: 26
Width: 0.0973717
Duration: 207.025
Centroid: 0.468141 0.514038
0 0.406846 0.847269
0.000665113 0.406846 0.847269
0.0410625 0.381172 0.847269
0.0821297 0.312706 0.804477
0.123659 0.244239 0.744569
0.165519 0.175773 0.658987
0.207242 0.107307 0.564846
0.249601 0.0645157 0.427913
0.292305 0.0559574 0.299539
0.333514 0.0816322 0.205398
0.375086 0.158657 0.111257
0.415366 0.252798 0.034233
0.457537 0.406846 0
0.500316 0.620803 0
0.54336 0.800527 0.0599078
0.584333 0.894668 0.136932
0.626235 0.937459 0.239631
0.666123 0.937459 0.39368
0.708171 0.911785 0.556287
0.751186 0.877552 0.624753
0.79665 0.83476 0.69322
0.833368 0.800527 0.727453
0.874553 0.732061 0.761686
0.914653 0.629362 0.795919
0.958117 0.518104 0.804477
1 0.449638 0.813036

Points: 37
Width: 0.113243
Duration: 312.471
Centroid: 0.556757 0.533649
0 0.0654334 0.741448
0.0156358 0.0580746 0.675219
0.0424852 0.0580746 0.542761
0.0700128 0.0580746 0.351432
0.0974498 0.0580746 0.204256
0.125712 0.0580746 0.101233
0.152896 0.0580746 0.0570805
0.181389 0.0580746 0.0497217
0.216995 0.0580746 0.0570805
0.24557 0.0727922 0.152745
0.272994 0.0875097 0.314638
0.300009 0.131662 0.550119
0.327868 0.20525 0.748807
0.355824 0.278838 0.873906
0.382764 0.359785 0.895983
0.41137 0.418655 0.888624
0.439697 0.462808 0.844471
0.467119 0.499602 0.778242
0.493284 0.543755 0.638425
0.521261 0.565831 0.564837
0.54783 0.57319 0.520684
0.575298 0.57319 0.513325
0.613967 0.580549 0.513325
0.64287 0.609984 0.586914
0.66991 0.661495 0.66786
0.697347 0.771877 0.741448
0.72524 0.852824 0.763525
0.752936 0.904336 0.763525
0.779054 0.919053 0.726731
0.806254 0.948489 0.660501
0.834947 0.963206 0.572196
0.861803 0.992641 0.48389
0.889546 0.992641 0.373508
0.917224 1 0.263127
0.945698 1 0.160103
0.973432 1 0.0865156
1 1 0.071798

Points: 0
Width: 6.20661e-36
Duration: 1.4013e-45
Centroid: 0 0

Points: 34
Width: 0.110343
Duration: 321.186
Centroid: 0.530343 0.519853
0 0.498445 0.697023
0.0613754 0.505997 0.704576
0.0898587 0.505997 0.734784
0.115168 0.498445 0.78765
0.141967 0.475788 0.825411
0.168905 0.438028 0.85562
0.19534 0.400267 0.870724
0.222163 0.362506 0.863172
0.248305 0.294536 0.817859
0.275304 0.203909 0.712128
0.301726 0.120835 0.576188
0.32799 0.0453133 0.394935
0.354844 0.00755219 0.281652
0.382087 0 0.213682
0.409469 0 0.183474
0.437132 0.0453133 0.183474
0.463645 0.203909 0.213682
0.490383 0.392714 0.304309
0.517328 0.558863 0.402488
0.544717 0.664594 0.51577
0.572026 0.740115 0.568636
0.599652 0.747668 0.613949
0.626281 0.747668 0.629054
0.653901 0.747668 0.636606
0.758481 0.747668 0.621501
0.786703 0.732563 0.568636
0.812973 0.725011 0.462905
0.839523 0.725011 0.372279
0.865756 0.747668 0.289205
0.893723 0.777876 0.236339
0.920108 0.808085 0.221235
0.94566 0.830742 0.213682
0.973469 0.845846 0.213682
1 0.853399 0.213682

Points: 0
Width: 6.20661e-36
Duration: 1.4013e-45
Centroid: 0 0

Points: 30
Width: 0.273722
Duration: 249.812
Centroid: 0.482833 0.547944
0 0.403491 1
0.0314064 0.403491 0.996956
0.0659792 0.403491 0.9452
0.0995981 0.397402 0.8356
0.133796 0.397402 0.689466
0.168306 0.397402 0.540288
0.203152 0.400447 0.439821
0.238444 0.403491 0.400243
0.274002 0.403491 0.394155
0.308083 0.406535 0.394155
0.351279 0.406535 0.397199
0.385094 0.415669 0.424599
0.419174 0.452202 0.47331
0.453567 0.500913 0.515933
0.488054 0.57398 0.537244
0.522728 0.622691 0.543333
0.557512 0.647047 0.543333
0.59135 0.659225 0.525066
0.627095 0.665314 0.491577
0.661965 0.662269 0.430688
0.694341 0.650091 0.39111
0.729023 0.634869 0.36371
0.762181 0.613558 0.342399
0.797223 0.580069 0.330221
0.831178 0.537447 0.327177
0.864781 0.494824 0.333266
0.898901 0.479602 0.339354
0.932191 0.46438 0.348488
0.966577 0.46438 0.351532
1 0.458291 0.354577

Points: 15
Width: 0.246778
Duration: 120.506
Centroid: 0.449 0.594889
0 0.475011 1
0.0647012 0.475011 0.996623
0.137976 0.475011 0.956101
0.208788 0.475011 0.875056
0.281415 0.475011 0.733228
0.353442 0.475011 0.5914
0.425485 0.478388 0.46308
0.49607 0.475011 0.351643
0.568113 0.478388 0.270599
0.637693 0.491895 0.243584
0.709136 0.505403 0.223323
0.780839 0.532418 0.203062
0.852737 0.552679 0.196308
0.926936 0.562809 0.196308
1 0.57294 0.199685

Points: 32
Width: 0.0810417
Duration: 288.871
Centroid: 0.457604 0.495625
0 0.710155 0.835476
0.0148882 0.710155 0.866324
0.044232 0.710155 0.897172
0.0750159 0.699872 0.938303
0.105009 0.648458 0.979434
0.133568 0.586762 1
0.163913 0.514782 1
0.19304 0.453085 0.979434
0.222127 0.381106 0.917738
0.251633 0.267995 0.753213
0.280476 0.144602 0.568124
0.310043 0.06234 0.372751
0.339928 0.0314917 0.218509
0.369265 0.0314917 0.14653
0.39821 0.0520572 0.115682
0.427668 0.0829055 0.105399
0.458412 0.175451 0.136247
0.48781 0.329692 0.239075
0.517437 0.463368 0.372751
0.547248 0.555913 0.475579
0.577281 0.607327 0.568124
0.607889 0.638175 0.62982
0.638693 0.638175 0.640103
0.761092 0.638175 0.62982
0.791876 0.638175 0.557841
0.821869 0.638175 0.393317
0.851638 0.658741 0.239075
0.881225 0.699872 0.125964
0.912692 0.751286 0.0848333
0.940684 0.792417 0.0642678
0.970115 0.833548 0.0745506
1 0.854114 0.0745506

Points: 18
Width: 0.0997222
Duration: 138.094
Centroid: 0.468333 0.494722
0 0.842618 0.810585
0.00636456 0.842618 0.844011
0.0685534 0.842618 0.877437
0.129696 0.800835 0.910863
0.191616 0.725626 0.935933
0.25215 0.650418 0.94429
0.312854 0.533426 0.91922
0.37401 0.391365 0.827298
0.438419 0.28273 0.693593
0.500523 0.174095 0.493036
0.562387 0.140668 0.334262
0.622935 0.149025 0.150418
0.686383 0.190808 0.0752091
0.74976 0.249303 0.00835654
0.813561 0.366295 0
0.875311 0.491643 0.0167131
0.937387 0.616991 0.0584961
1 0.708913 0.100279

Points: 28
Width: 0.219226
Duration: 369.059
Centroid: 0.47875 0.515774
0 0.476242 1
0.0210629 0.476242 0.996199
0.0449359 0.472441 0.931578
0.0680892 0.472441 0.783329
0.0915442 0.464839 0.566657
0.114925 0.461037 0.433614
0.138475 0.461037 0.334781
0.161888 0.464839 0.304371
0.186031 0.464839 0.30057
0.24859 0.464839 0.304371
0.574313 0.723324 0.593266
0.595243 0.719522 0.589465
0.619445 0.700516 0.578061
0.642323 0.639696 0.551452
0.665852 0.544665 0.528645
0.689619 0.449634 0.494434
0.71337 0.385012 0.48303
0.737032 0.366006 0.475428
0.760582 0.362205 0.475428
0.812429 0.362205 0.471626
0.836138 0.362205 0.460223
0.859228 0.381211 0.426011
0.882942 0.411621 0.395601
0.90609 0.476242 0.357589
0.929471 0.544665 0.315775
0.952942 0.601683 0.292968
0.977037 0.639696 0.277763
1 0.6511 0.277763

Points: 0
Width: 6.20661e-36
Duration: 1.4013e-45
Centroid: 0 0

Points: 30
Width: 0.143444
Duration: 251.963
Centroid: 0.496556 0.481556
0 0.140201 0.965143
0.0143715 0.140201 0.947715
0.04975 0.140201 0.866383
0.0836944 0.146011 0.726956
0.117856 0.140201 0.535244
0.152847 0.146011 0.36677
0.186884 0.15763 0.215724
0.220604 0.175058 0.15763
0.256099 0.198296 0.146011
0.289958 0.215724 0.163439
0.32498 0.250581 0.215724
0.359831 0.308675 0.36677
0.395496 0.378389 0.529435
0.429867 0.419055 0.604957
0.463052 0.436483 0.622386
0.522685 0.442293 0.622386
0.558002 0.459721 0.570101
0.593008 0.482959 0.523625
0.627309 0.535244 0.413245
0.659967 0.599148 0.302866
0.694314 0.692099 0.238962
0.726871 0.767622 0.192486
0.760443 0.831526 0.186677
0.795442 0.889621 0.233152
0.828495 0.941906 0.378389
0.862556 0.976762 0.558482
0.896973 1 0.750194
0.931305 1 0.848954
0.965932 0.994191 0.872192
1 0.994191 0.878002

Points: 14
Width: 0.150238
Duration: 231.77
Centroid: 0.538452 0.504762
0 0.494057 0.861331
0.0155731 0.494057 0.844691
0.0533599 0.494057 0.800317
0.0902617 0.482964 0.728209
0.127054 0.466323 0.622821
0.16431 0.45523 0.478605
0.201515 0.45523 0.339936
0.239639 0.460776 0.245641
0.277493 0.482964 0.195721
0.314092 0.516244 0.184627
0.351019 0.549525 0.190174
0.38857 0.588352 0.229001
0.426112 0.616086 0.278922
1 0.444136 1

Points: 35
Width: 0.176952
Duration: 313.453
Centroid: 0.556476 0.593048
0 0.590016 0.496098
0.0135088 0.575888 0.510226
0.0403208 0.56176 0.514935
0.0677122 0.538213 0.514935
0.0946239 0.491119 0.505517
0.121909 0.439316 0.472551
0.149064 0.368676 0.411329
0.176474 0.312164 0.33127
0.20361 0.255651 0.227664
0.231843 0.246232 0.142895
0.259228 0.255651 0.0816738
0.285984 0.274489 0.058127
0.313699 0.316873 0.0534176
0.341384 0.359257 0.058127
0.369654 0.420479 0.114639
0.397843 0.462863 0.218245
0.424948 0.528794 0.416039
0.452383 0.55705 0.571448
0.480485 0.575888 0.731566
0.507764 0.585307 0.835172
0.535567 0.590016 0.910522
0.563805 0.594725 0.948197
0.591315 0.594725 0.971744
0.618302 0.594725 0.985872
0.646385 0.594725 1
0.752617 0.590016 0.990581
0.781149 0.571178 0.938778
0.808104 0.552341 0.8493
0.836873 0.547632 0.731566
0.86432 0.542922 0.604413
0.890577 0.552341 0.458423
0.917994 0.590016 0.303014
0.945803 0.613563 0.204117
0.972833 0.627691 0.171152
1 0.627691 0.166442

Points: 24
Width: 0.0786807
Duration: 191.867
Centroid: 0.513472 0.533681
0 0.446161 0.836716
0.024889 0.43557 0.836716
0.0678366 0.393204 0.836716
0.112179 0.350839 0.79435
0.155045 0.255517 0.699028
0.200018 0.191969 0.550749
0.242813 0.139012 0.370697
0.288733 0.128421 0.233009
0.332475 0.139012 0.127096
0.375942 0.191969 0.031774
0.419215 0.266108 0
0.463486 0.350839 0
0.508042 0.530891 0.031774
0.55329 0.67917 0.137688
0.598396 0.795675 0.254192
0.644397 0.83804 0.434245
0.688047 0.83804 0.582523
0.732308 0.806266 0.667254
0.776701 0.774492 0.709619
0.821623 0.75331 0.730802
0.866475 0.710944 0.751985
0.910481 0.689762 0.773167
0.956421 0.657988 0.804942
1 0.636805 0.804942

Points: 33
Width: 0.0827778
Duration: 268.768
Centroid: 0.494444 0.539091
0 0.0100671 0.998779
0.000712163 0.0100671 0.998779
0.0334644 0.0100671 0.92831
0.0641964 0.0100671 0.747102
0.0963236 0 0.555827
0.127048 0 0.354484
0.158006 0.0302013 0.183344
0.191245 0.0704699 0.0927398
0.222166 0.0906041 0.0726052
0.253406 0.161074 0.0726052
0.284633 0.251678 0.153142
0.316346 0.362416 0.304149
0.348349 0.483221 0.455155
0.380317 0.543624 0.575961
0.413316 0.563758 0.606162
0.446293 0.563758 0.616229
0.489546 0.573825 0.596095
0.523309 0.573825 0.515558
0.554557 0.614093 0.394753
0.587084 0.654362 0.314216
0.619247 0.69463 0.273948
0.650975 0.704697 0.26388
0.68308 0.734899 0.253813
0.716676 0.7651 0.273948
0.746964 0.815436 0.344417
0.778881 0.855704 0.414887
0.811023 0.895972 0.515558
0.842648 0.926174 0.636364
0.873715 0.926174 0.7169
0.905253 0.916107 0.767236
0.93632 0.90604 0.817572
0.968171 0.895972 0.837706
1 0.885905 0.847773

Points: 0
Width: 6.20661e-36
Duration: 1.4013e-45
Centroid: 0 0

Points: 28
Width: 0.083869
Duration: 228.74
Centroid: 0.482798 0.548274
0 1 0.917672
0.0189045 1 0.927608
0.0561841 0.990064 0.937544
0.0935405 0.950319 0.957416
0.13117 0.801278 0.987224
0.169193 0.582683 0.987224
0.20625 0.393896 0.967352
0.244008 0.254791 0.917672
0.283021 0.195174 0.867991
0.321897 0.185238 0.808374
0.359433 0.185238 0.748758
0.39585 0.224982 0.669268
0.432797 0.33428 0.589779
0.471767 0.433641 0.520227
0.508978 0.503194 0.460609
0.545763 0.542938 0.410929
0.583136 0.582683 0.351312
0.620954 0.612491 0.251951
0.658114 0.622427 0.172462
0.69635 0.622427 0.112845
0.73374 0.622427 0.0731009
0.772454 0.582683 0.0532287
0.809965 0.493258 0.0432926
0.848978 0.443577 0.0432926
0.88554 0.314407 0.0432926
0.924245 0.215046 0.0532287
0.96179 0.165366 0.0631648
1 0.145493 0.0631648

Points: 32
Width: 0.22901
Duration: 261.135
Centroid: 0.515885 0.52401
0 0.399818 0.669548
0.000605829 0.399818 0.611326
0.0334104 0.407096 0.513077
0.0656764 0.414373 0.371162
0.0988549 0.428929 0.200136
0.130695 0.428929 0.0836934
0.16418 0.428929 0.0218331
0.198091 0.432568 0
0.244501 0.436206 0
0.277462 0.436206 0.0327496
0.309833 0.436206 0.123721
0.342451 0.428929 0.240164
0.375667 0.418012 0.400273
0.409099 0.432568 0.571299
0.440842 0.454401 0.673186
0.474207 0.476234 0.745963
0.506159 0.494428 0.782352
0.538777 0.516261 0.796907
0.57132 0.527177 0.796907
0.604244 0.545372 0.793268
0.636323 0.559927 0.775074
0.670122 0.589038 0.738686
0.701723 0.625426 0.687742
0.735118 0.650898 0.644076
0.768334 0.661815 0.614965
0.801168 0.661815 0.60041
0.834107 0.650898 0.593132
0.867608 0.625426 0.589493
0.899926 0.58176 0.589493
0.933404 0.523539 0.582215
0.967539 0.472595 0.578576
1 0.454401 0.578576

Points: 14
Width: 0.138452
Duration: 215.953
Centroid: 0.538333 0.559881
0 0.481943 0.753224
0.0176 0.481943 0.753224
0.0584979 0.481943 0.711092
0.0997757 0.469905 0.680997
0.138738 0.451848 0.596733
0.178496 0.44583 0.482373
0.219458 0.44583 0.355976
0.259921 0.463886 0.27773
0.299354 0.493981 0.247635
0.338886 0.536114 0.241616
0.378156 0.584265 0.253654
0.419063 0.614359 0.289768
0.459437 0.656492 0.355976
1 0.391659 1

Points: 36
Width: 0.149954
Duration: 321.732
Centroid: 0.560833 0.581713
0 0.536123 0.483174
0.00317495 0.536123 0.51096
0.029734 0.525008 0.544304
0.0567059 0.508336 0.577647
0.0838539 0.486107 0.605434
0.110668 0.452764 0.616548
0.138198 0.402748 0.605434
0.164806 0.341618 0.549861
0.191748 0.280488 0.466502
0.218458 0.230473 0.355356
0.245497 0.202686 0.227539
0.271055 0.197129 0.14418
0.29728 0.208244 0.0941645
0.325089 0.247145 0.0774927
0.351509 0.291603 0.0774927
0.377339 0.363847 0.116394
0.404135 0.436092 0.216425
0.431192 0.497222 0.333127
0.458735 0.563909 0.527632
0.486211 0.608367 0.677678
0.512223 0.625039 0.827725
0.539025 0.647268 0.916641
0.56587 0.647268 0.961099
0.593412 0.647268 0.983328
0.620566 0.647268 0.994443
0.648345 0.647268 1
0.757611 0.641711 0.983328
0.785081 0.625039 0.922198
0.812041 0.60281 0.799938
0.839316 0.591695 0.638777
0.866251 0.591695 0.438715
0.89173 0.613925 0.26644
0.919175 0.630596 0.160852
0.946724 0.641711 0.116394
0.973392 0.641711 0.0941645
1 0.641711 0.0886072

Points: 33
Width: 0.0793435
Duration: 266.107
Centroid: 0.57601 0.483434
0 0 0.677912
0.00390467 0.0210057 0.656906
0.0364045 0.0630171 0.646403
0.0688822 0.199554 0.625398
0.100971 0.399109 0.614895
0.13237 0.577657 0.604392
0.163827 0.777211 0.604392
0.195718 0.850731 0.6359
0.227521 0.850731 0.646403
0.259543 0.861234 0.698917
0.291074 0.861234 0.751432
0.322547 0.850731 0.803946
0.354085 0.840228 0.845957
0.385895 0.80872 0.866963
0.419106 0.766708 0.887969
0.452671 0.703691 0.887969
0.48448 0.58816 0.866963
0.515865 0.462126 0.835454
0.548467 0.315086 0.740929
0.580952 0.231063 0.656906
0.614259 0.168046 0.572883
0.645445 0.136537 0.446849
0.678973 0.136537 0.310312
0.710034 0.178548 0.205283
0.74213 0.231063 0.121261
0.774806 0.29408 0.0477406
0.807049 0.388606 0.016232
0.839696 0.493634 0.00572882
0.871043 0.598663 0.00572882
0.9022 0.651177 0.0267349
0.934281 0.714194 0.0477406
0.966274 0.7352 0.0687463
1 0.745703 0.0687463

Points: 23
Width: 0.0825362
Duration: 179.965
Centroid: 0.526015 0.504203
0 0.190956 0.868306
0.000813961 0.190956 0.848112
0.0472206 0.190956 0.70676
0.0948753 0.221246 0.535118
0.143452 0.251536 0.323091
0.191748 0.302019 0.121159
0.23886 0.332309 0.0302897
0.284973 0.332309 0
0.331543 0.342405 0
0.381075 0.352502 0.0100966
0.428545 0.362598 0.0605794
0.476254 0.372695 0.161545
0.524365 0.413081 0.312994
0.570652 0.453467 0.504829
0.620076 0.514047 0.636084
0.66938 0.574627 0.716857
0.71621 0.705882 0.787533
0.76343 0.776558 0.807726
0.811595 0.85733 0.817823
0.860107 0.91791 0.817823
0.90863 0.938103 0.817823
0.954169 0.9482 0.807726
1 0.958296 0.807726

Points: 0
Width: 6.20661e-36
Duration: 1.4013e-45
Centroid: 0 0

Points: 14
Width: 0.161071
Duration: 316.021
Centroid: 0.524881 0.518929
0 0.495196 0.756837
0.0124411 0.495196 0.751663
0.040401 0.495196 0.7051
0.0676873 0.495196 0.627495
0.0949055 0.495196 0.529194
0.12302 0.490022 0.451589
0.150467 0.484848 0.373984
0.176369 0.484848 0.332594
0.204693 0.490022 0.296379
0.231442 0.495196 0.286031
0.417458 0.500369 0.286031
0.444856 0.526238 0.296379
0.471802 0.541759 0.306726
1 0.510717 1

Points: 26
Width: 0.0990385
Duration: 209.285
Centroid: 0.558974 0.510962
0 0.698706 0.991586
0.0183288 0.698706 1
0.0579353 0.690292 1
0.0987644 0.665049 1
0.139584 0.564078 1
0.180199 0.395793 0.957929
0.220524 0.286408 0.907443
0.261502 0.21068 0.856958
0.302518 0.193851 0.747573
0.342386 0.185437 0.671844
0.385063 0.244337 0.587702
0.425556 0.336893 0.528803
0.46631 0.437864 0.478317
0.508054 0.564078 0.419418
0.549667 0.639806 0.352104
0.589553 0.690292 0.301618
0.62958 0.723948 0.251133
0.672229 0.740777 0.183819
0.712834 0.740777 0.141748
0.754036 0.715534 0.116505
0.793839 0.665049 0.0828481
0.833987 0.564078 0.0744338
0.875824 0.454693 0.0744338
0.91683 0.345307 0.0828481
0.958592 0.286408 0.0912623
1 0.261165 0.0996765

Points: 0
Width: 6.20661e-36
Duration: 1.4013e-45
Centroid: 0 0

Points: 36
Width: 0.10037
Duration: 322.322
Centroid: 0.513704 0.635
0 0.664207 0.649446
0.0619406 0.672509 0.657749
0.0890995 0.672509 0.699262
0.115737 0.672509 0.740775
0.142399 0.655904 0.782288
0.169219 0.630996 0.807195
0.196596 0.614391 0.815498
0.223967 0.589483 0.815498
0.25072 0.531365 0.807195
0.276133 0.464945 0.75738
0.30308 0.340406 0.641144
0.328433 0.215867 0.508303
0.355435 0.0913285 0.392067
0.382254 0.0249077 0.250923
0.408783 0 0.134687
0.435263 0.0166051 0.0433579
0.461501 0.0747233 0.00184508
0.487751 0.199262 0.00184508
0.514049 0.323801 0.0599631
0.540335 0.415129 0.159594
0.567312 0.498155 0.309041
0.594653 0.539668 0.5
0.622248 0.54797 0.649446
0.648704 0.54797 0.740775
0.675112 0.54797 0.75738
0.731708 0.54797 0.749077
0.759618 0.556273 0.715867
0.785795 0.564575 0.666051
0.812336 0.581181 0.583026
0.83964 0.614391 0.483395
0.866569 0.664207 0.408672
0.89208 0.730627 0.342251
0.919966 0.77214 0.325646
0.946615 0.797048 0.325646
0.972296 0.80535 0.350554
1 0.813653 0.367159

Points: 30
Width: 0.244667
Duration: 259.141
Centroid: 0.561444 0.633667
0 0.38465 1
0.04489 0.38465 0.993188
0.0789117 0.38465 0.935286
0.111637 0.391462 0.8297
0.14492 0.40168 0.703678
0.178399 0.411898 0.570844
0.212255 0.415304 0.499319
0.245508 0.41871 0.444823
0.280419 0.41871 0.420981
0.31233 0.422116 0.420981
0.369295 0.425522 0.427793
0.403753 0.439146 0.465259
0.436464 0.4698 0.516349
0.469852 0.507266 0.536785
0.503286 0.53792 0.543597
0.536916 0.551544 0.543597
0.569958 0.561762 0.536785
0.604387 0.575386 0.502725
0.637775 0.602634 0.441417
0.671028 0.636694 0.376703
0.702864 0.643506 0.335831
0.736886 0.643506 0.322207
0.77047 0.6401 0.322207
0.803392 0.633288 0.322207
0.835695 0.599228 0.322207
0.868812 0.558356 0.325613
0.901326 0.517484 0.332425
0.934052 0.48683 0.335831
0.967621 0.4698 0.335831
1 0.466394 0.335831

Points: 21
Width: 0.0928571
Duration: 171.566
Centroid: 0.565 0.577857
0 0.284615 0.798718
0.0544614 0.248718 0.798718
0.100134 0.194872 0.753846
0.147788 0.158974 0.664103
0.195829 0.114103 0.547436
0.246192 0.114103 0.421795
0.29635 0.132051 0.251282
0.34644 0.176923 0.134615
0.396143 0.284615 0.0448718
0.44596 0.5 0
0.495412 0.688462 0.0269231
0.545183 0.841026 0.125641
0.595023 0.921795 0.260256
0.645819 0.921795 0.412821
0.696888 0.876923 0.55641
0.746158 0.805128 0.691026
0.797978 0.742308 0.771795
0.847704 0.70641 0.789744
0.897612 0.652564 0.807692
0.94884 0.598718 0.816667
1 0.535897 0.825641

Points: 24
Width: 0.102847
Duration: 204.707
Centroid: 0.621181 0.552986
0 0.0162053 0.866307
0.0251121 0 0.809588
0.0673791 0 0.696152
0.10957 0.00810263 0.574612
0.152619 0.0567184 0.388251
0.193016 0.0891292 0.274814
0.237725 0.145848 0.193788
0.277951 0.234976 0.185686
0.31976 0.340311 0.185686
0.362179 0.494261 0.250507
0.403645 0.640108 0.355841
0.444404 0.713032 0.501688
0.48587 0.745442 0.574612
0.52724 0.761648 0.720459
0.568228 0.753545 0.78528
0.610762 0.753545 0.793383
0.70207 0.753545 0.78528
0.74552 0.753545 0.736665
0.787272 0.753545 0.647536
0.82828 0.753545 0.501688
0.870795 0.76975 0.396354
0.913539 0.802161 0.299122
0.956283 0.826469 0.242404
1 0.834571 0.234301

Points: 26
Width: 0.218654
Duration: 424.441
Centroid: 0.572372 0.59468
0 0.479331 1
0.00901921 0.47552 0.980944
0.0298094 0.467898 0.93521
0.0498357 0.460275 0.832307
0.0700185 0.452653 0.676048
0.0905878 0.452653 0.515978
0.111084 0.452653 0.371152
0.130613 0.479331 0.249194
0.150566 0.517443 0.17297
0.171365 0.555556 0.138669
0.192284 0.597479 0.134858
0.212577 0.635591 0.138669
0.231913 0.688947 0.161536
0.252354 0.742304 0.184403
0.271727 0.788039 0.20727
0.7826 0.281149 0.542656
0.819266 0.296394 0.546467
0.84094 0.323072 0.550278
0.859825 0.368807 0.557901
0.880247 0.395485 0.561712
0.899712 0.448842 0.573146
0.919315 0.494576 0.584579
0.940059 0.513632 0.592202
0.960361 0.528877 0.592202
0.979928 0.547933 0.596013
1 0.555556 0.603635

Points: 0
Width: 6.20661e-36
Duration: 1.4013e-45
Centroid: 0 0

Points: 29
Width: 0.177069
Duration: 367.777
Centroid: 0.503563 0.627069
0 0.617008 0.753003
0.0232605 0.617008 0.790653
0.0472114 0.612301 0.833009
0.0704613 0.598182 0.870659
0.0940192 0.584064 0.889484
0.116324 0.574651 0.898897
0.14054 0.560532 0.898897
0.163217 0.537001 0.898897
0.186445 0.499351 0.880072
0.209472 0.471113 0.847128
0.232669 0.442876 0.767121
0.256365 0.428757 0.734178
0.279838 0.419344 0.611815
0.303789 0.419344 0.46592
0.327814 0.433463 0.343557
0.351 0.452288 0.249432
0.37442 0.452288 0.174132
0.398084 0.471113 0.103538
0.421854 0.471113 0.0564753
0.444849 0.471113 0.00941252
0.467589 0.466407 0
0.827214 0.306394 0.249432
0.858621 0.3111 0.258845
0.883294 0.334632 0.27767
0.906469 0.419344 0.291789
0.929857 0.555826 0.320026
0.953989 0.635833 0.338851
0.977525 0.66407 0.343557
1 0.673483 0.343557

Points: 11
Width: 0.119242
Duration: 223.883
Centroid: 0.538182 0.519091
0 0.500635 0.713469
0.0879017 0.500635 0.70648
0.127613 0.500635 0.664549
0.165125 0.500635 0.587674
0.203493 0.507624 0.468869
0.242402 0.507624 0.357052
0.28124 0.507624 0.294155
0.31898 0.521601 0.252223
0.358673 0.52859 0.231258
0.396727 0.535578 0.224269
1 0.388818 1

Points: 29
Width: 0.173563
Duration: 379.297
Centroid: 0.552816 0.618563
0 0.664735 0.787417
0.015139 0.664735 0.816225
0.0377034 0.664735 0.83543
0.0609578 0.664735 0.849834
0.084068 0.655132 0.864238
0.107806 0.64553 0.873841
0.130021 0.635927 0.878642
0.152111 0.621523 0.878642
0.175108 0.602318 0.873841
0.198054 0.544702 0.830629
0.221329 0.487086 0.773013
0.24448 0.439073 0.705795
0.266982 0.424669 0.619371
0.289537 0.415066 0.499338
0.312513 0.419867 0.345695
0.335994 0.42947 0.21606
0.358836 0.448675 0.0960266
0.380216 0.463079 0.0336092
0.403378 0.467881 0.00960264
0.425057 0.467881 0
0.80172 0.237417 0.25447
0.843378 0.242218 0.259271
0.865685 0.261424 0.268874
0.887971 0.323841 0.288079
0.910484 0.415066 0.307285
0.932739 0.487086 0.312086
0.954737 0.5399 0.331291
0.977446 0.578311 0.340894
1 0.587914 0.350497

Points: 22
Width: 0.174546
Duration: 422.93
Centroid: 0.558258 0.543788
0 0.524089 1
0.0182045 0.524089 1
0.0392352 0.509766 0.957031
0.0594163 0.485894 0.851996
0.0792371 0.476346 0.718316
0.099806 0.462023 0.546441
0.120467 0.457248 0.369792
0.141064 0.457248 0.27908
0.162206 0.462023 0.240886
0.182544 0.476346 0.231337
0.202595 0.490668 0.217014
0.223404 0.509766 0.21224
0.24377 0.528863 0.21224
0.262889 0.552734 0.221788
0.283846 0.576606 0.236111
0.77546 0.414279 0.508247
0.897913 0.428603 0.513021
0.918094 0.466797 0.527344
0.938275 0.519314 0.536892
0.95852 0.54796 0.536892
0.978821 0.562283 0.541667
1 0.567057 0.541667

Points: 28
Width: 0.0757143
Duration: 223.852
Centroid: 0.517619 0.456845
0 0.207547 0.597877
0.00284438 0.207547 0.575864
0.0414093 0.22956 0.553851
0.0800789 0.251572 0.542845
0.117841 0.361635 0.531839
0.155446 0.460692 0.531839
0.194761 0.636793 0.564858
0.234391 0.735849 0.608883
0.272973 0.8239 0.696933
0.310962 0.856918 0.762971
0.349754 0.856918 0.806996
0.388738 0.856918 0.840015
0.427407 0.845912 0.851021
0.467298 0.790881 0.862028
0.504275 0.691824 0.862028
0.542561 0.570755 0.840015
0.58137 0.405661 0.762971
0.618748 0.196541 0.652908
0.65932 0.075472 0.520833
0.697728 0.0204405 0.399764
0.733449 0.0204405 0.278695
0.77231 0.0974846 0.179638
0.808833 0.196541 0.1136
0.846927 0.372642 0.0255498
0.885527 0.548742 0.00353723
0.923935 0.757862 0.00353723
0.962168 0.922956 0.00353723
1 1 0.0255498

Points: 28
Width: 0.0794048
Duration: 225.129
Centroid: 0.503869 0.502738
0 0.223763 0.661169
0.00484098 0.223763 0.61919
0.0442281 0.255247 0.577211
0.0815852 0.297226 0.566716
0.120174 0.391679 0.535232
0.156594 0.5491 0.524737
0.194125 0.79048 0.535232
0.233512 0.884932 0.577211
0.271581 0.947901 0.64018
0.308625 0.958396 0.661169
0.347041 0.958396 0.703148
0.385283 0.958396 0.766116
0.42441 0.937406 0.797601
0.463901 0.874438 0.818591
0.50164 0.779985 0.818591
0.538997 0.622563 0.818591
0.577447 0.412669 0.745127
0.6147 0.255247 0.682159
0.653671 0.139805 0.566716
0.691496 0.0768366 0.493253
0.7313 0.0243629 0.367316
0.768084 0.0453524 0.230884
0.806257 0.0768366 0.146926
0.844898 0.12931 0.0839579
0.883834 0.255247 0.0209895
0.922787 0.475637 0
0.962626 0.654048 0.0104947
1 0.800974 0.0314842

Points: 25
Width: 0.0824666
Duration: 209.648
Centroid: 0.547733 0.502467
0 0.180275 0.788198
0.021744 0.160065 0.697252
0.0627166 0.160065 0.53557
0.103801 0.160065 0.313258
0.145221 0.160065 0.141471
0.18774 0.160065 0.0404204
0.2278 0.17017 0
0.304118 0.180275 0.0101051
0.347065 0.180275 0.101051
0.387405 0.19038 0.262732
0.42888 0.2308 0.525465
0.4703 0.321746 0.687147
0.512409 0.453113 0.828618
0.553456 0.584479 0.919564
0.593031 0.675425 0.939774
0.632868 0.72595 0.929669
0.671474 0.756265 0.899354
0.721297 0.796686 0.828618
0.753251 0.837106 0.747777
0.794895 0.877527 0.636621
0.836259 0.887632 0.525465
0.877064 0.907842 0.394099
0.918018 0.907842 0.293048
0.958394 0.917947 0.232417
1 0.917947 0.222312

Points: 0
Width: 6.20661e-36
Duration: 1.4013e-45
Centroid: 0 0

Points: 23
Width: 0.236232
Duration: 364.387
Centroid: 0.495072 0.557101
0 0.517485 1
0.000418083 0.513957 0.985889
0.023284 0.503374 0.929448
0.0468038 0.492791 0.844785
0.0702272 0.468098 0.710736
0.094015 0.443405 0.555521
0.118178 0.443405 0.35092
0.14203 0.468098 0.209816
0.166043 0.499847 0.142791
0.190356 0.528067 0.121626
0.213994 0.552761 0.121626
0.236463 0.563343 0.125153
0.260187 0.577454 0.142791
0.282538 0.588037 0.163957
0.834139 0.298773 0.551994
0.834622 0.309356 0.551994
0.85753 0.344632 0.551994
0.881093 0.390491 0.551994
0.90413 0.475153 0.562577
0.927575 0.570399 0.576687
0.951492 0.630368 0.580215
0.975633 0.658589 0.583742
1 0.662117 0.583742

Points: 13
Width: 0.130769
Duration: 219.98
Centroid: 0.463718 0.530897
0 0.447549 0.764216
0.000816834 0.447549 0.751471
0.0407174 0.447549 0.706863
0.0792862 0.447549 0.611275
0.118494 0.441177 0.522059
0.155926 0.441177 0.420098
0.193643 0.460294 0.337255
0.234183 0.479412 0.279902
0.272894 0.517647 0.267157
0.311231 0.594118 0.260784
0.350209 0.645098 0.273529
0.38899 0.683334 0.305392
1 0.447549 1

Points: 38
Width: 0.0795614
Duration: 312.027
Centroid: 0.495789 0.537105
0 0.180816 1
0.00058839 0.180816 0.979052
0.028781 0.180816 0.926681
0.0561349 0.170342 0.748622
0.0836515 0.149394 0.528666
0.110041 0.149394 0.350606
0.138159 0.149394 0.162073
0.165588 0.149394 0.0992284
0.19308 0.159868 0.0887544
0.229973 0.170342 0.0887544
0.258391 0.180816 0.151599
0.285782 0.201764 0.30871
0.31385 0.233186 0.476295
0.340703 0.285557 0.612459
0.368758 0.348401 0.696251
0.396575 0.379824 0.727674
0.424893 0.400772 0.727674
0.452384 0.42172 0.696251
0.480214 0.453142 0.654355
0.507605 0.47409 0.591511
0.535347 0.495039 0.497243
0.564191 0.515987 0.444873
0.58988 0.526461 0.423925
0.617747 0.536935 0.423925
0.644162 0.557883 0.434399
0.671365 0.610254 0.497243
0.699283 0.694046 0.591511
0.726862 0.809261 0.675303
0.753602 0.861632 0.696251
0.781006 0.872106 0.696251
0.808686 0.88258 0.685777
0.835451 0.893054 0.622933
0.862843 0.914002 0.528666
0.890447 0.93495 0.434399
0.918264 0.955899 0.30871
0.946444 0.955899 0.193495
0.973184 0.976847 0.120177
1 0.987321 0.109703

Points: 30
Width: 0.0808889
Duration: 245.109
Centroid: 0.525667 0.502556
0 0.207418 0.597527
0.0201759 0.228022 0.56662
0.0545993 0.258929 0.546016
0.0898196 0.331044 0.51511
0.12453 0.434066 0.504807
0.158666 0.567995 0.494505
0.193998 0.691621 0.504807
0.227545 0.774038 0.56662
0.262478 0.846154 0.669642
0.297221 0.866758 0.772664
0.331883 0.866758 0.855082
0.366593 0.856456 0.906593
0.402132 0.825549 0.947802
0.437831 0.774038 0.958104
0.472653 0.712225 0.958104
0.50749 0.609203 0.916895
0.54236 0.45467 0.824175
0.577102 0.279533 0.690247
0.612514 0.176511 0.597527
0.648435 0.125 0.484203
0.683878 0.104396 0.391483
0.717808 0.114698 0.319368
0.754271 0.186813 0.216346
0.78871 0.269231 0.103022
0.82366 0.392857 0.0309065
0.859262 0.495879 0
0.89461 0.578297 0
0.929767 0.64011 0
0.966023 0.660714 0.0206044
1 0.671017 0.0412087

Points: 28
Width: 0.0883928
Duration: 225.023
Centroid: 0.535714 0.519941
0 0.741078 0.981145
0.00689164 0.722222 0.990572
0.0456376 0.703367 1
0.0858938 0.637374 1
0.124275 0.53367 1
0.160747 0.392256 0.96229
0.198573 0.279125 0.905724
0.235427 0.250842 0.886869
0.273739 0.222559 0.849158
0.311565 0.203704 0.783165
0.349668 0.213131 0.717171
0.387616 0.269697 0.64175
0.425025 0.382828 0.566329
0.463181 0.524243 0.481481
0.50059 0.637374 0.396632
0.538659 0.69394 0.349494
0.576919 0.722222 0.311784
0.615491 0.741078 0.264646
0.654446 0.741078 0.198652
0.691907 0.741078 0.151514
0.73041 0.712795 0.113804
0.768427 0.675084 0.0760935
0.806548 0.627946 0.0572383
0.845381 0.524243 0.0572383
0.883779 0.363973 0.0572383
0.923636 0.288552 0.0572383
0.962417 0.231986 0.0666659
1 0.222559 0.0760935

Points: 0
Width: 6.20661e-36
Duration: 1.4013e-45
Centroid: 0 0

Points: 38
Width: 0.116754
Duration: 317.863
Centroid: 0.523246 0.473026
0 0.0721266 0.758264
0.000577587 0.0721266 0.751127
0.0270729 0.0721266 0.694027
0.0536296 0.0721266 0.594102
0.0809728 0.0721266 0.444215
0.108316 0.0649889 0.280053
0.135831 0.0649889 0.180128
0.162794 0.0649889 0.151578
0.212736 0.0649889 0.165853
0.240891 0.0864015 0.25864
0.267706 0.107814 0.358565
0.295049 0.150639 0.48704
0.322244 0.214876 0.608377
0.349514 0.300526 0.708302
0.37639 0.357626 0.765402
0.404188 0.407588 0.765402
0.431298 0.450413 0.751127
0.45928 0.471826 0.722577
0.486537 0.486101 0.665477
0.512627 0.507513 0.586965
0.538434 0.528926 0.501315
0.565691 0.557476 0.451352
0.59258 0.571751 0.437077
0.619296 0.578888 0.437077
0.646381 0.600301 0.451352
0.673565 0.657401 0.51559
0.700097 0.764463 0.60124
0.726863 0.85725 0.651202
0.753911 0.921488 0.658339
0.782053 0.928625 0.658339
0.808696 0.9429 0.622652
0.835793 0.964313 0.551277
0.863063 0.978588 0.451352
0.890787 0.992863 0.365702
0.918671 0.992863 0.28719
0.945277 1 0.237228
0.971956 1 0.215815
1 1 0.208678

Points: 24
Width: 0.0760416
Duration: 197.422
Centroid: 0.532986 0.484375
0 0.294063 0.843836
0.0364266 0.250228 0.789041
0.0802137 0.195433 0.679452
0.125267 0.140639 0.558904
0.168203 0.12968 0.383562
0.211911 0.12968 0.19726
0.256371 0.195433 0.109589
0.299565 0.272146 0.0219178
0.343926 0.392694 0
0.3889 0.546119 0
0.431223 0.677625 0.0328767
0.475287 0.776256 0.120548
0.519094 0.874886 0.230137
0.562643 0.896804 0.361644
0.607756 0.896804 0.471233
0.652295 0.842009 0.613699
0.69721 0.809132 0.690411
0.740404 0.73242 0.756165
0.782529 0.655708 0.821918
0.826909 0.589954 0.854795
0.870222 0.502283 0.865754
0.913831 0.436529 0.865754
0.956391 0.392694 0.865754
1 0.370776 0.865754

Points: 21
Width: 0.0806349
Duration: 163.707
Centroid: 0.510318 0.497302
0 0.301673 0.785433
0.000811282 0.301673 0.754429
0.0525663 0.291338 0.640748
0.104679 0.291338 0.485728
0.157245 0.301673 0.28937
0.211196 0.332677 0.103346
0.264168 0.363681 0.0206693
0.31838 0.363681 0
0.369586 0.374016 0
0.422129 0.374016 0.0413385
0.47429 0.38435 0.144685
0.527548 0.40502 0.28937
0.580758 0.456693 0.475394
0.633635 0.529035 0.640748
0.688349 0.622047 0.764763
0.741249 0.704724 0.816437
0.791477 0.756398 0.837106
0.844592 0.808071 0.847441
0.894247 0.82874 0.847441
0.94803 0.849409 0.857776
1 0.859744 0.857776

Points: 30
Width: 0.093
Duration: 247.41
Centroid: 0.503389 0.471333
0 0.338411 0.591398
0.0234302 0.347371 0.582438
0.0578177 0.374253 0.564516
0.0931209 0.410095 0.555556
0.129198 0.499701 0.546595
0.164548 0.669952 0.555556
0.199046 0.777479 0.573477
0.233844 0.831242 0.609319
0.269084 0.849163 0.645162
0.304735 0.867085 0.698925
0.339044 0.867085 0.743728
0.374631 0.849163 0.788531
0.409792 0.822282 0.824373
0.44418 0.750597 0.860215
0.478978 0.64307 0.869176
0.515023 0.499701 0.869176
0.550389 0.347371 0.842294
0.585471 0.248805 0.788531
0.618469 0.17712 0.707886
0.653062 0.123357 0.61828
0.68816 0.105436 0.483871
0.722611 0.114396 0.331541
0.756635 0.150239 0.170251
0.791528 0.221923 0.0806451
0.826105 0.311529 0.0268817
0.860066 0.410095 0
0.894643 0.499701 0
0.929394 0.580346 0.00896057
0.96446 0.64307 0.0268817
1 0.669952 0.0358423

Points: 0
Width: 6.20661e-36
Duration: 1.4013e-45
Centroid: 0 0

Points: 33
Width: 0.153687
Duration: 273.855
Centroid: 0.556313 0.50202
0 0.316793 0.612718
0.0137932 0.316793 0.607295
0.0472278 0.322215 0.553073
0.0770822 0.33306 0.439205
0.108648 0.354749 0.292803
0.138645 0.371015 0.146401
0.169127 0.376438 0.0433782
0.201449 0.38186 0.0108446
0.232473 0.38186 0
0.276577 0.387282 0
0.308814 0.387282 0.0271114
0.339595 0.387282 0.113868
0.371076 0.403549 0.227736
0.401572 0.419816 0.363293
0.433794 0.468617 0.542228
0.466273 0.517417 0.732008
0.498181 0.560795 0.824187
0.52912 0.609596 0.862143
0.560672 0.631285 0.862143
0.592266 0.64213 0.862143
0.625187 0.658397 0.835031
0.656867 0.669241 0.80792
0.687292 0.674663 0.764542
0.718331 0.674663 0.699474
0.749868 0.674663 0.645251
0.780906 0.669241 0.607295
0.81213 0.652974 0.574762
0.842626 0.636707 0.563917
0.873993 0.609596 0.563917
0.906086 0.560795 0.56934
0.93751 0.517417 0.574762
0.968534 0.479461 0.585606
1 0.45235 0.585606

Points: 22
Width: 0.0557576
Duration: 176.055
Centroid: 0.515227 0.540758
0 0.393342 0.881794
0.0165742 0.318614 0.792119
0.0659862 0.258831 0.627717
0.112913 0.22894 0.433423
0.163701 0.213994 0.23913
0.211027 0.258831 0.119565
0.259796 0.333559 0.0448369
0.308831 0.497961 0.0149456
0.357156 0.662364 0
0.406967 0.81182 0.0298913
0.457466 0.91644 0.134511
0.50568 0.946331 0.224185
0.554582 0.991168 0.328804
0.603617 0.991168 0.463315
0.653184 0.901494 0.612772
0.703528 0.81182 0.717391
0.754049 0.662364 0.836957
0.801886 0.438179 0.881794
0.850765 0.243886 0.911685
0.9002 0.094429 0.911685
0.949235 0.0197008 0.896739
1 0.00475516 0.896739

Points: 24
Width: 0.179028
Duration: 343.82
Centroid: 0.525556 0.590972
0 0.531032 1
0.000409007 0.531032 0.99069
0.0255175 0.521722 0.958107
0.0502965 0.503103 0.897595
0.0754391 0.489139 0.8045
0.1004 0.47052 0.674166
0.126292 0.456555 0.49263
0.150833 0.46121 0.292475
0.177089 0.479829 0.19007
0.201606 0.498448 0.148177
0.226499 0.517067 0.134213
0.250733 0.531032 0.129558
0.27633 0.549651 0.134213
0.301075 0.596198 0.143522
0.325683 0.652056 0.166796
0.351758 0.707913 0.194725
0.791486 0.270364 0.581071
0.848815 0.279674 0.581071
0.874571 0.321567 0.581071
0.899157 0.386734 0.581071
0.924493 0.46121 0.581071
0.949669 0.549651 0.581071
0.975346 0.605508 0.581071
1 0.628782 0.581071

Points: 29
Width: 0.0724713
Duration: 233.469
Centroid: 0.488218 0.522471
0 0.259318 0.609437
0.00470151 0.305313 0.586439
0.0416946 0.33981 0.563442
0.0785537 0.4318 0.517446
0.114827 0.546788 0.505948
0.153209 0.696272 0.505948
0.190587 0.788263 0.528945
0.227011 0.82276 0.551943
0.26387 0.834258 0.586439
0.30098 0.845757 0.643933
0.336919 0.845757 0.701428
0.374933 0.834258 0.77042
0.412796 0.811261 0.816416
0.448651 0.730769 0.839413
0.485929 0.615781 0.862411
0.522872 0.454798 0.862411
0.55861 0.316812 0.839413
0.596155 0.213323 0.77042
0.63283 0.155829 0.655432
0.671229 0.14433 0.563442
0.708623 0.132831 0.448454
0.745382 0.14433 0.321967
0.780719 0.201824 0.229976
0.818615 0.259318 0.126487
0.855073 0.328311 0.0459952
0.890912 0.443299 0.0114988
0.927352 0.569786 0
0.963559 0.684774 0
1 0.742268 0.0344964

Points: 23
Width: 0.0656523
Duration: 189.426
Centroid: 0.517681 0.515797
0 0.0987871 0.697019
0.025447 0.086094 0.595474
0.0696389 0.086094 0.430463
0.114883 0.0734009 0.290839
0.159343 0.0734009 0.176601
0.204277 0.0734009 0.151214
0.249376 0.0734009 0.138521
0.315406 0.0734009 0.163908
0.362382 0.0734009 0.240066
0.407564 0.0987871 0.405077
0.452993 0.187639 0.633553
0.498587 0.365343 0.798565
0.545151 0.55574 0.912803
0.589941 0.746137 0.950882
0.638154 0.885762 0.963575
0.683294 0.961921 0.912803
0.726579 0.987307 0.823951
0.772524 1 0.684326
0.818613 1 0.544702
0.863754 1 0.379691
0.909884 1 0.278146
0.954653 1 0.176601
1 1 0.151214

Points: 30
Width: 0.158611
Duration: 554.547
Centroid: 0.489056 0.606389
0 0.571279 1
0.00681863 0.566025 0.989492
0.0227241 0.545009 0.942207
0.0378194 0.523993 0.858144
0.0532177 0.497723 0.758319
0.0684681 0.476708 0.611209
0.0840777 0.43993 0.474606
0.0995745 0.429422 0.33275
0.114677 0.418914 0.238179
0.130716 0.434676 0.190894
0.146122 0.455692 0.175132
0.161604 0.492469 0.15937
0.177193 0.545009 0.15937
0.193077 0.608056 0.164624
0.208729 0.686865 0.18564
0.223754 0.728897 0.211909
0.239018 0.749912 0.243433
0.786157 0.277058 0.527146
0.829048 0.282312 0.527146
0.844989 0.303328 0.537654
0.860613 0.350613 0.542907
0.876145 0.418914 0.558669
0.891536 0.455692 0.563923
0.907357 0.492469 0.569177
0.922945 0.502977 0.569177
0.938752 0.508231 0.569177
0.953552 0.518739 0.574431
0.968886 0.550263 0.584939
0.984405 0.571279 0.590193
1 0.597548 0.590193

Points: 0
Width: 6.20661e-36
Duration: 1.4013e-45
Centroid: 0 0

Points: 24
Width: 0.200486
Duration: 368.551
Centroid: 0.533333 0.507847
0 0.470904 1
0.000370963 0.470904 0.966747
0.0230845 0.470904 0.904399
0.046328 0.470904 0.74645
0.0696457 0.466747 0.584344
0.0933979 0.458434 0.409768
0.116949 0.458434 0.280915
0.140447 0.458434 0.193627
0.162757 0.479217 0.160374
0.185831 0.508313 0.147905
0.208916 0.545722 0.147905
0.232096 0.583131 0.172844
0.254989 0.603914 0.18947
0.278191 0.645479 0.218566
0.301508 0.670419 0.243505
0.813819 0.350364 0.609283
0.835049 0.35452 0.609283
0.858981 0.371146 0.609283
0.88249 0.408555 0.61344
0.905892 0.450121 0.621753
0.929114 0.524939 0.634222
0.953778 0.570661 0.638379
0.976778 0.599757 0.646692
1 0.60807 0.650849

Points: 26
Width: 0.179231
Duration: 215.148
Centroid: 0.505769 0.515769
0 0.390916 1
0.000617306 0.386266 0.962804
0.0395258 0.386266 0.90236
0.0783253 0.381617 0.776824
0.11816 0.376967 0.660587
0.158648 0.372318 0.488555
0.198918 0.372318 0.358369
0.239805 0.376967 0.293276
0.280874 0.376967 0.279328
0.351465 0.381617 0.288627
0.392698 0.386266 0.311874
0.432369 0.400215 0.376967
0.472839 0.44206 0.451359
0.511638 0.474607 0.502504
0.552199 0.521101 0.539699
0.593068 0.562947 0.553648
0.634972 0.586195 0.548998
0.674643 0.604793 0.525751
0.713987 0.62804 0.493205
0.755129 0.637339 0.469957
0.794092 0.651287 0.423462
0.834998 0.660587 0.390916
0.876266 0.660587 0.367668
0.915919 0.660587 0.34907
0.957224 0.660587 0.34442
1 0.660587 0.339771

Points: 32
Width: 0.0639063
Duration: 285.516
Centroid: 0.515573 0.470625
0 0.743276 0.886307
0.0256252 0.717197 0.925427
0.0562579 0.691117 0.938467
0.0869589 0.665037 0.938467
0.117263 0.573757 0.951507
0.147403 0.482478 0.938467
0.178665 0.352078 0.873267
0.209147 0.221679 0.755908
0.237769 0.0782398 0.625509
0.267033 0 0.49511
0.297201 0 0.37775
0.325877 0.0130402 0.247351
0.355976 0.0782398 0.182151
0.386061 0.143439 0.156071
0.4159 0.247759 0.156071
0.445794 0.339038 0.195191
0.475839 0.469438 0.31255
0.505828 0.560717 0.455989
0.535708 0.599837 0.560309
0.565643 0.612877 0.651589
0.595633 0.612877 0.703748
0.626101 0.625917 0.729828
0.727946 0.625917 0.703748
0.759495 0.612877 0.599429
0.789361 0.612877 0.442949
0.820281 0.612877 0.33863
0.850599 0.625917 0.234311
0.881081 0.691117 0.156071
0.9101 0.743276 0.116951
0.941266 0.847596 0.116951
0.970421 0.886716 0.116951
1 0.912795 0.116951

Points: 26
Width: 0.0678204
Duration: 209.445
Centroid: 0.524038 0.478846
0 0.17533 1
0.0179044 0.17533 0.950851
0.0597561 0.150755 0.803403
0.100209 0.138468 0.557656
0.140382 0.126181 0.348771
0.180909 0.150755 0.189035
0.221064 0.163043 0.127599
0.262859 0.17533 0.0907366
0.305103 0.187617 0.0907366
0.345406 0.187617 0.103024
0.385971 0.212192 0.164461
0.426722 0.249054 0.348771
0.46822 0.347353 0.545368
0.510538 0.507088 0.741966
0.550617 0.629962 0.840265
0.590977 0.691399 0.877127
0.632549 0.752836 0.877127
0.673524 0.77741 0.864839
0.714611 0.814272 0.803403
0.756295 0.863422 0.705104
0.795908 0.900284 0.569943
0.838245 0.924858 0.434782
0.878213 0.924858 0.324196
0.918889 0.924858 0.250472
0.959529 0.924858 0.201323
1 0.924858 0.189035

Points: 0
Width: 6.20661e-36
Duration: 1.4013e-45
Centroid: 0 0

Points: 30
Width: 0.0815556
Duration: 303.941
Centroid: 0.529889 0.438889
0 0.674387 0.537466
0.0785899 0.674387 0.547684
0.108265 0.664169 0.598774
0.136347 0.633515 0.639646
0.164171 0.582425 0.711172
0.192613 0.490463 0.782698
0.221401 0.418937 0.82357
0.249534 0.337193 0.833788
0.279248 0.245232 0.813352
0.307818 0.132834 0.711172
0.335026 0.05109 0.588556
0.362272 0.010218 0.486376
0.390906 0 0.353543
0.419861 0 0.241145
0.447994 0.05109 0.190055
0.475883 0.143052 0.179837
0.503862 0.296321 0.200273
0.532368 0.439373 0.322889
0.560681 0.582425 0.414851
0.589366 0.705041 0.51703
0.617936 0.766348 0.578338
0.647213 0.776566 0.61921
0.67514 0.786784 0.639646
0.776234 0.786784 0.61921
0.804393 0.786784 0.547684
0.832423 0.786784 0.455722
0.860672 0.786784 0.363761
0.888792 0.786784 0.261581
0.917606 0.797002 0.210491
1 0.80722 0.210491

Points: 24
Width: 0.0819443
Duration: 203.75
Centroid: 0.508056 0.477153
0 0.115253 0.751271
0.0226227 0.115253 0.710593
0.0646664 0.115253 0.619068
0.106442 0.115253 0.476695
0.148831 0.115253 0.334322
0.190893 0.115253 0.202118
0.232611 0.115253 0.16144
0.274214 0.115253 0.141101
0.352186 0.115253 0.16144
0.394018 0.135592 0.252966
0.435257 0.196609 0.425847
0.477569 0.267796 0.56822
0.519881 0.430508 0.751271
0.562462 0.603389 0.842797
0.60556 0.755932 0.893644
0.646492 0.837288 0.893644
0.690165 0.898305 0.822458
0.731959 0.918644 0.741102
0.774137 0.949153 0.598729
0.816967 0.979661 0.476695
0.85995 0.98983 0.354661
0.901898 1 0.293644
0.94536 1 0.263135
1 1 0.263135

Points: 0
Width: 6.20661e-36
Duration: 1.4013e-45
Centroid: 0 0

Points: 27
Width: 0.0880247
Duration: 220.961
Centroid: 0.506605 0.484691
0 0.225806 0.710028
0.023424 0.263675 0.67216
0.0630591 0.320477 0.615358
0.102517 0.415147 0.577489
0.142259 0.538219 0.568022
0.179719 0.680224 0.568022
0.220256 0.755961 0.596424
0.258282 0.812763 0.643759
0.296945 0.82223 0.67216
0.337164 0.831697 0.700561
0.376852 0.831697 0.738429
0.415196 0.82223 0.757363
0.455433 0.793829 0.776297
0.495085 0.746494 0.785764
0.533589 0.604488 0.804698
0.572835 0.462482 0.757363
0.609836 0.31101 0.681627
0.650002 0.197405 0.596424
0.688718 0.140603 0.463885
0.726337 0.131136 0.331346
0.764788 0.15007 0.217742
0.803804 0.225806 0.132539
0.84252 0.282609 0.0757366
0.881431 0.377279 0.0378681
0.921189 0.490883 0
0.961443 0.595021 0
1 0.670757 0.0189341

Points: 32
Width: 0.158646
Duration: 282.785
Centroid: 0.524531 0.455313
0 0.63805 0.777413
0.0259141 0.611786 0.787918
0.0553507 0.585522 0.793171
0.0866935 0.5435 0.793171
0.116862 0.480466 0.777413
0.147183 0.417433 0.751149
0.177821 0.359652 0.703874
0.208998 0.296619 0.656599
0.238172 0.259849 0.609324
0.268106 0.254596 0.577807
0.299435 0.254596 0.567301
0.329535 0.275607 0.567301
0.359952 0.328135 0.567301
0.390659 0.417433 0.58306
0.420303 0.485719 0.604071
0.451784 0.538247 0.625082
0.482768 0.559258 0.646093
0.513461 0.559258 0.656599
0.544569 0.559258 0.661852
0.636056 0.559258 0.656599
0.668504 0.548752 0.614576
0.697415 0.538247 0.567301
0.727929 0.522489 0.478004
0.757228 0.501477 0.388707
0.788336 0.475213 0.252134
0.818408 0.485719 0.147078
0.848121 0.511983 0.0577806
0.878455 0.559258 0.0157584
0.908541 0.632797 0
0.938834 0.690578 0.00525279
0.96921 0.753611 0.0420223
1 0.795634 0.0682862

Points: 26
Width: 0.0986538
Duration: 228.746
Centroid: 0.543462 0.443013
0 0.237491 1
0.0344097 0.237491 0.983106
0.071159 0.220597 0.898636
0.108216 0.178362 0.755036
0.14546 0.161468 0.577648
0.183029 0.161468 0.417154
0.221862 0.169915 0.366472
0.260933 0.21215 0.282001
0.296829 0.254385 0.265107
0.336293 0.338856 0.265107
0.373026 0.406432 0.290448
0.411226 0.482456 0.358025
0.448795 0.58382 0.425601
0.485066 0.651396 0.501624
0.523916 0.693632 0.586095
0.562612 0.718973 0.636777
0.601257 0.718973 0.645224
0.640277 0.718973 0.653671
0.734268 0.718973 0.645224
0.772537 0.702079 0.577648
0.810072 0.693632 0.48473
0.847897 0.693632 0.408707
0.885654 0.718973 0.298895
0.924452 0.752761 0.239766
0.961184 0.778102 0.222872
1 0.794996 0.214425

Points: 31
Width: 0.0701613
Duration: 313.348
Centroid: 0.526828 0.531935
0 0.819541 0.830652
0.127068 0.807663 0.830652
0.153932 0.783909 0.84253
0.180909 0.736399 0.878162
0.208148 0.617625 0.913794
0.235586 0.486973 0.913794
0.263273 0.368199 0.913794
0.291198 0.249425 0.84253
0.318611 0.118774 0.723755
0.346859 0.059387 0.569349
0.374235 0.0118774 0.37931
0.401673 0 0.272414
0.429834 0.0475096 0.20115
0.45721 0.0831417 0.189272
0.484573 0.142529 0.189272
0.512772 0.261303 0.248659
0.540272 0.403832 0.343678
0.567698 0.522605 0.450575
0.595373 0.59387 0.545594
0.623122 0.629502 0.604981
0.650909 0.64138 0.652491
0.678821 0.64138 0.664368
0.778476 0.64138 0.640614
0.807098 0.64138 0.557471
0.833726 0.64138 0.438697
0.861613 0.653257 0.319924
0.889014 0.677012 0.189272
0.916826 0.748276 0.10613
0.944264 0.783909 0.0823757
0.972923 0.831418 0.0823757
1 0.855173 0.0823757

Points: 18
Width: 0.199722
Duration: 146.301
Centroid: 0.553426 0.575278
0 0.528975 1
0.0533202 0.524803 0.995828
0.113502 0.512286 0.962448
0.172162 0.487251 0.887344
0.230823 0.466389 0.808067
0.289883 0.437181 0.699583
0.349211 0.416319 0.566064
0.408405 0.416319 0.445063
0.468934 0.416319 0.340751
0.527568 0.437181 0.286509
0.586068 0.458044 0.265647
0.645663 0.470561 0.257302
0.702774 0.491423 0.253129
0.764024 0.524803 0.248957
0.8245 0.562355 0.244784
0.882786 0.599907 0.244784
0.940512 0.62077 0.244784
1 0.629115 0.248957

Points: 0
Width: 6.20661e-36
Duration: 1.4013e-45
Centroid: 0 0

Points: 34
Width: 0.0511274
Duration: 289.121
Centroid: 0.507794 0.564657
0 0.554171 0.535954
0.000580963 0.554171 0.535954
0.0285618 0.554171 0.552253
0.0575154 0.57047 0.568552
0.0872526 0.586769 0.601151
0.117449 0.586769 0.666348
0.1482 0.554171 0.796741
0.177653 0.521573 0.878236
0.206337 0.456376 0.927134
0.235587 0.407479 0.927134
0.265149 0.358581 0.927134
0.294481 0.277086 0.845638
0.323772 0.19559 0.747843
0.352618 0.0814957 0.519655
0.382166 0 0.340364
0.411417 0 0.22627
0.440816 0.0488974 0.0795779
0.470607 0.114094 0.0469796
0.499655 0.19559 0.0469796
0.528825 0.309684 0.128475
0.558522 0.456376 0.275167
0.588408 0.57047 0.470758
0.618483 0.668265 0.584851
0.648585 0.700863 0.650048
0.679308 0.700863 0.666348
0.759927 0.717162 0.666348
0.790637 0.717162 0.633749
0.82032 0.717162 0.552253
0.849922 0.717162 0.454458
0.879903 0.733462 0.340364
0.910275 0.78236 0.22627
0.939674 0.847556 0.193672
0.970641 0.863855 0.193672
1 0.880154 0.193672

Points: 35
Width: 0.0773334
Duration: 296.543
Centroid: 0.467667 0.561048
0 0.148707 0.557881
0.0130541 0.148707 0.53633
0.042653 0.137932 0.450123
0.0723441 0.137932 0.342364
0.101179 0.137932 0.266933
0.12896 0.137932 0.245381
0.158559 0.127156 0.159175
0.187934 0.127156 0.137623
0.242482 0.137932 0.159175
0.272555 0.159483 0.277709
0.301245 0.213363 0.493226
0.330159 0.256466 0.687192
0.358651 0.299569 0.784174
0.387631 0.321121 0.805726
0.417322 0.342673 0.805726
0.447277 0.364224 0.773399
0.476164 0.385776 0.697968
0.504973 0.418104 0.600985
0.534637 0.471983 0.525554
0.564131 0.482759 0.504002
0.593572 0.504311 0.493226
0.623829 0.525862 0.514778
0.652216 0.590517 0.600985
0.681433 0.676724 0.708744
0.710821 0.795259 0.784174
0.740236 0.859914 0.805726
0.768583 0.881465 0.805726
0.798498 0.892241 0.773399
0.827425 0.913793 0.66564
0.856445 0.946121 0.53633
0.886004 0.967672 0.396243
0.915511 0.989224 0.245381
0.944833 1 0.159175
0.972048 1 0.105296
1 1 0.0945197

Points: 23
Width: 0.0564492
Duration: 187.438
Centroid: 0.472826 0.541449
0 0.43068 0.767651
0.0370123 0.386392 0.738126
0.0841322 0.31258 0.679076
0.130106 0.25353 0.575739
0.176413 0.209242 0.487163
0.222116 0.19448 0.369063
0.267923 0.19448 0.191913
0.313959 0.25353 0.0885751
0.359224 0.297817 0.0147625
0.40476 0.37163 0
0.452151 0.48973 0.0147625
0.497124 0.66688 0.132863
0.543014 0.770218 0.221438
0.590614 0.858793 0.339538
0.637192 0.888318 0.560976
0.679789 0.858793 0.723364
0.725825 0.799743 0.797176
0.772299 0.755456 0.826702
0.817606 0.66688 0.826702
0.863371 0.60783 0.826702
0.908657 0.474968 0.797176
0.954026 0.401155 0.782414
1 0.356867 0.738126

Points: 24
Width: 0.0622917
Duration: 208.602
Centroid: 0.485625 0.538125
0 0 0.983278
0.0193813 0 0.929766
0.0599603 0 0.836121
0.101082 0 0.702341
0.141961 0 0.488294
0.182952 0.0668896 0.301003
0.226078 0.107023 0.167224
0.267237 0.173913 0.0869569
0.310344 0.294314 0.073579
0.350848 0.414715 0.0869569
0.39212 0.521739 0.167224
0.433729 0.668896 0.354515
0.475488 0.735786 0.528428
0.515786 0.775919 0.729097
0.559155 0.789297 0.876255
0.599753 0.816053 0.916388
0.708419 0.816053 0.90301
0.750871 0.789297 0.782609
0.791412 0.775919 0.64883
0.83304 0.775919 0.474916
0.874649 0.829431 0.341137
0.915228 0.856187 0.247492
0.957174 0.882943 0.19398
1 0.909699 0.180602

Points: 25
Width: 0.0570667
Duration: 202.566
Centroid: 0.502933 0.524
0 0.153038 0.888435
0.0195731 0.153038 0.844626
0.0630002 0.153038 0.742407
0.105135 0.153038 0.494159
0.147579 0.153038 0.304323
0.190428 0.153038 0.158295
0.234356 0.153038 0.114486
0.278285 0.153038 0.0998835
0.321442 0.16764 0.0998835
0.364001 0.16764 0.143692
0.407158 0.182243 0.245911
0.448695 0.211449 0.421145
0.492605 0.26986 0.610981
0.536282 0.415888 0.771612
0.57782 0.605724 0.873832
0.620476 0.766355 0.932243
0.664462 0.839369 0.932243
0.707098 0.883178 0.91764
0.747864 0.89778 0.888435
0.790559 0.926986 0.757009
0.830977 0.970794 0.567173
0.872978 0.985397 0.348131
0.915325 0.985397 0.1875
0.957672 1 0.0998835
1 1 0.0560752

Points: 25
Width: 0.1708
Duration: 384.965
Centroid: 0.512333 0.6192
0 0.507806 1
0.000426175 0.507806 0.990242
0.0225163 0.507806 0.960968
0.0449209 0.502927 0.90242
0.0677923 0.502927 0.819477
0.0904405 0.498048 0.682865
0.111688 0.48829 0.546253
0.134144 0.493169 0.409641
0.15597 0.502927 0.263271
0.17805 0.522443 0.175449
0.200363 0.53708 0.136417
0.222535 0.546838 0.12178
0.2443 0.566354 0.12178
0.266705 0.600507 0.136417
0.289201 0.639539 0.160812
0.820489 0.268735 0.477947
0.820864 0.273614 0.477947
0.842305 0.283372 0.477947
0.864324 0.312646 0.482826
0.88613 0.385831 0.492584
0.908626 0.483411 0.5121
0.931071 0.605386 0.526737
0.953628 0.644418 0.536495
0.976104 0.659055 0.541374
1 0.659055 0.546253

Points: 0
Width: 6.20661e-36
Duration: 1.4013e-45
Centroid: 0 0

Points: 33
Width: 0.144747
Duration: 387.895
Centroid: 0.511364 0.619748
0 0.702547 0.719644
0.000392745 0.708304 0.719644
0.0412685 0.708304 0.719644
0.0644505 0.708304 0.731158
0.086555 0.719819 0.74843
0.10871 0.719819 0.78873
0.130673 0.708304 0.82903
0.154258 0.691033 0.863573
0.176 0.662247 0.898116
0.197893 0.621947 0.915387
0.219988 0.581647 0.915387
0.242012 0.53559 0.898116
0.263723 0.460747 0.846301
0.285516 0.397418 0.777215
0.307318 0.345604 0.673587
0.329523 0.322575 0.535415
0.351497 0.328332 0.403001
0.373168 0.357118 0.287858
0.39622 0.368632 0.247557
0.418284 0.391661 0.1612
0.439935 0.403175 0.0863572
0.462614 0.41469 0.0518143
0.484406 0.41469 0.0115143
0.507346 0.41469 0
0.556943 0.41469 0.00575715
0.825611 0.224704 0.310886
0.866235 0.230461 0.316643
0.88835 0.299547 0.328158
0.910243 0.403175 0.333915
0.932397 0.501047 0.333915
0.954653 0.558618 0.345429
0.97711 0.587404 0.345429
1 0.593161 0.351186

Points: 20
Width: 0.054
Duration: 161.609
Centroid: 0.487833 0.532333
0 0.257716 0.709877
0.00123272 0.273148 0.617284
0.0549889 0.28858 0.478395
0.107754 0.304012 0.308642
0.158706 0.304012 0.169753
0.210626 0.319444 0.0617284
0.265083 0.319444 0
0.318114 0.334877 0
0.418882 0.350309 0.0154321
0.470101 0.365741 0.123457
0.52231 0.396605 0.354938
0.575002 0.412037 0.509259
0.628009 0.473766 0.694445
0.680484 0.612655 0.817902
0.732911 0.674383 0.848766
0.787247 0.751543 0.864198
0.839191 0.813272 0.864198
0.894131 0.890432 0.864198
0.946945 0.921297 0.848766
1 0.936729 0.848766

Points: 26
Width: 0.0655769
Duration: 210.629
Centroid: 0.497821 0.522244
0 0.364124 0.787879
0.0171733 0.338709 0.762464
0.0571762 0.300586 0.698925
0.097105 0.262463 0.597263
0.137609 0.224339 0.495601
0.178372 0.198924 0.406647
0.219525 0.198924 0.304986
0.260956 0.211632 0.177908
0.300959 0.237047 0.088954
0.340591 0.300586 0.0254154
0.382745 0.38954 0
0.423323 0.529325 0
0.464402 0.656402 0.0254154
0.505703 0.758064 0.152493
0.545242 0.821603 0.292278
0.587415 0.859726 0.508309
0.629031 0.872433 0.622678
0.669053 0.872433 0.737048
0.709798 0.821603 0.787879
0.751062 0.770772 0.826002
0.79253 0.732648 0.83871
0.834591 0.643694 0.851418
0.877135 0.529325 0.826002
0.918121 0.427663 0.775171
0.958977 0.351417 0.711633
1 0.326001 0.698925

Points: 36
Width: 0.0762036
Duration: 300.238
Centroid: 0.515463 0.532824
0 0.0486021 0.678311
0.0160289 0.0486021 0.57989
0.0444048 0.0595377 0.481469
0.073171 0.0595377 0.383049
0.10208 0.0704733 0.3065
0.129806 0.0704733 0.219015
0.15718 0.0704733 0.208079
0.187312 0.0704733 0.197144
0.215727 0.0814089 0.219015
0.243765 0.10328 0.317435
0.27283 0.136087 0.448663
0.301258 0.212636 0.612697
0.330818 0.289185 0.743924
0.359662 0.343864 0.820474
0.388741 0.398542 0.842345
0.417364 0.431348 0.842345
0.445102 0.45322 0.787667
0.474389 0.486026 0.700182
0.503272 0.518833 0.57989
0.532207 0.540704 0.470534
0.559438 0.562576 0.415856
0.588777 0.573511 0.40492
0.625701 0.584447 0.415856
0.654493 0.62819 0.492405
0.682895 0.737546 0.590825
0.711479 0.82503 0.667375
0.740297 0.879708 0.700182
0.769506 0.912515 0.711117
0.798923 0.923451 0.711117
0.828339 0.945322 0.656439
0.856871 0.967193 0.568954
0.885482 0.978129 0.426791
0.914222 0.989064 0.3065
0.943521 1 0.208079
0.972184 1 0.153401
1 1 0.13153

Points: 0
Width: 6.20661e-36
Duration: 1.4013e-45
Centroid: 0 0

Points: 31
Width: 0.0534409
Duration: 279.719
Centroid: 0.531989 0.519892
0 0.699699 0.703722
0.000740141 0.699699 0.734909
0.0308345 0.699699 0.766097
0.0613898 0.699699 0.828471
0.0913585 0.684105 0.922032
0.122794 0.606138 0.968813
0.154047 0.543764 1
0.185077 0.481389 1
0.216372 0.387828 0.937626
0.246928 0.216299 0.797284
0.276868 0.138331 0.625755
0.30801 0.0759572 0.391852
0.338957 0.0447699 0.173543
0.369917 0.0447699 0.0799814
0.407566 0.0603637 0.0176067
0.43403 0.107144 0.0176067
0.461987 0.185112 0.0332008
0.493143 0.278673 0.0955749
0.524271 0.403421 0.267104
0.554784 0.559357 0.423039
0.584991 0.652918 0.563381
0.615937 0.668512 0.625755
0.646436 0.668512 0.688129
0.771352 0.668512 0.672535
0.802885 0.668512 0.578974
0.832784 0.668512 0.438632
0.863521 0.730886 0.298291
0.895431 0.746479 0.267104
0.925665 0.777667 0.20473
0.957323 0.808854 0.189136
1 0.824447 0.189136

Points: 0
Width: 6.20661e-36
Duration: 1.4013e-45
Centroid: 0 0

Points: 20
Width: 0.0676667
Duration: 167.484
Centroid: 0.465667 0.535417
0 0.187192 0.65702
0.0280577 0.211823 0.558497
0.0785055 0.211823 0.410714
0.12984 0.224138 0.275246
0.18164 0.236453 0.164409
0.234887 0.248768 0.0905175
0.287014 0.248768 0.065887
0.380819 0.261084 0.0782022
0.433739 0.273399 0.164409
0.484793 0.298029 0.324507
0.537014 0.384236 0.533867
0.588908 0.507389 0.669335
0.639005 0.605911 0.755542
0.691156 0.679803 0.780172
0.744146 0.753694 0.792487
0.793894 0.839901 0.780172
0.845391 0.889162 0.743226
0.896795 0.950739 0.730911
0.946683 0.987685 0.718596
1 1 0.706281

Points: 30
Width: 0.0480555
Duration: 268.328
Centroid: 0.501833 0.520278
0 0.689017 0.84393
0.01942 0.689017 0.895954
0.0513306 0.689017 0.913295
0.0838234 0.671676 0.965318
0.116476 0.619653 1
0.147441 0.584971 1
0.180647 0.498265 1
0.212412 0.376878 0.913295
0.244002 0.25549 0.757225
0.276524 0.168785 0.618496
0.30874 0.0647387 0.410404
0.341888 0.0300566 0.271675
0.374483 0.0300566 0.132947
0.406219 0.0473977 0.0982645
0.437373 0.0994208 0.0982645
0.469734 0.151444 0.0982645
0.502489 0.238149 0.150288
0.534953 0.446242 0.289016
0.569149 0.602312 0.445086
0.599677 0.671676 0.531791
0.630816 0.706358 0.601155
0.663047 0.723699 0.635837
0.774035 0.723699 0.618496
0.807459 0.723699 0.549132
0.839574 0.723699 0.427745
0.871644 0.723699 0.289016
0.903424 0.723699 0.167629
0.93564 0.758381 0.115606
0.968584 0.775722 0.0809235
1 0.793063 0.0809235

Points: 22
Width: 0.144924
Duration: 343.641
Centroid: 0.474924 0.540076
0 0.557763 1
0.000477425 0.557763 0.9885
0.0249966 0.540512 0.930998
0.0512322 0.534762 0.890747
0.0755809 0.511762 0.764245
0.101362 0.477261 0.574491
0.126915 0.46001 0.378986
0.152253 0.45426 0.235233
0.17725 0.465761 0.183482
0.202121 0.471511 0.166232
0.227163 0.483011 0.160481
0.252228 0.494511 0.160481
0.27802 0.517512 0.160481
0.303824 0.540512 0.189232
0.791286 0.391009 0.505489
0.848929 0.391009 0.511239
0.874608 0.396759 0.511239
0.899457 0.43701 0.516989
0.924874 0.494511 0.52849
0.94995 0.569263 0.53999
0.975651 0.615264 0.54574
1 0.638264 0.55724

Points: 23
Width: 0.137464
Duration: 359.758
Centroid: 0.51029 0.530869
0 0.498946 1
0.0105648 0.498946 0.981813
0.0352342 0.492884 0.933316
0.0588395 0.474697 0.854507
0.0827597 0.45651 0.721139
0.107994 0.444386 0.551397
0.132164 0.438324 0.381656
0.154672 0.438324 0.260411
0.1778 0.462573 0.199789
0.201307 0.480759 0.175541
0.224467 0.505008 0.163416
0.248474 0.523194 0.163416
0.272351 0.56563 0.163416
0.296206 0.626252 0.187665
0.319953 0.662625 0.205852
0.811603 0.341329 0.557459
0.855545 0.347391 0.557459
0.880063 0.383764 0.563522
0.903538 0.450448 0.575646
0.92761 0.51107 0.575646
0.951736 0.577754 0.575646
0.976232 0.650501 0.575646
1 0.668687 0.575646

Points: 15
Width: 0.159444
Duration: 116.594
Centroid: 0.495 0.550556
0 0.526132 1
0.0309904 0.526132 0.994774
0.107076 0.526132 0.947735
0.179979 0.520906 0.885017
0.252345 0.505226 0.790941
0.326488 0.484321 0.670732
0.400194 0.468641 0.52439
0.475945 0.463415 0.398955
0.552131 0.458188 0.289199
0.625134 0.463415 0.205575
0.698606 0.479094 0.168989
0.772849 0.5 0.15331
0.850275 0.510453 0.148084
0.924518 0.526132 0.15331
1 0.541812 0.168989

Points: 32
Width: 0.06375
Duration: 274.812
Centroid: 0.496667 0.50375
0 0.120915 0.640523
0.0572834 0.133987 0.614379
0.0896492 0.186274 0.575164
0.120693 0.316993 0.509804
0.152035 0.513072 0.48366
0.183463 0.70915 0.457517
0.215545 0.813726 0.457517
0.246219 0.879085 0.522876
0.27921 0.905229 0.575164
0.309956 0.905229 0.666667
0.340658 0.905229 0.732026
0.37274 0.905229 0.771242
0.404551 0.892157 0.823529
0.436704 0.852941 0.862746
0.468203 0.813726 0.862746
0.497513 0.748366 0.862746
0.528883 0.643791 0.862746
0.560311 0.539216 0.836601
0.591966 0.434641 0.784314
0.622456 0.303921 0.718954
0.653997 0.22549 0.653595
0.685283 0.147059 0.562092
0.71627 0.107843 0.444445
0.747342 0.0686272 0.326798
0.778713 0.0686272 0.196078
0.810382 0.0816991 0.104575
0.842364 0.133987 0.0392157
0.874886 0.251634 0.0130719
0.905617 0.460784 0
0.936732 0.591503 0
0.968672 0.656863 0.0130719
1 0.683006 0.0261438

Points: 26
Width: 0.0779487
Duration: 208.746
Centroid: 0.520705 0.498718
0 0.581003 0.989309
0.0126687 0.495477 1
0.0555025 0.39926 1
0.0982054 0.292352 0.989309
0.138906 0.228207 0.957237
0.179719 0.13199 0.914474
0.220869 0.110608 0.893092
0.262374 0.0892267 0.86102
0.30343 0.0892267 0.818257
0.343738 0.0892267 0.775493
0.386272 0.13199 0.700658
0.426187 0.260279 0.615131
0.467411 0.516858 0.508224
0.509665 0.784128 0.379934
0.551451 0.923108 0.32648
0.590711 0.965871 0.283717
0.630102 0.976563 0.240954
0.671139 0.976563 0.219572
0.711559 0.94449 0.166118
0.752316 0.869654 0.123355
0.79311 0.773437 0.0805919
0.834072 0.66653 0.0485195
0.875241 0.570312 0.027138
0.915773 0.463404 0.027138
0.957016 0.345806 0.027138
1 0.324424 0.027138

Points: 25
Width: 0.0576
Duration: 202.105
Centroid: 0.464067 0.488733
0 0.059606 0.90162
0.0236959 0.059606 0.785879
0.0660237 0.0885412 0.597801
0.107714 0.117476 0.366319
0.150892 0.131944 0.192708
0.19407 0.160879 0.048032
0.237055 0.160879 0.00462919
0.278494 0.175347 0.00462919
0.320629 0.189815 0.0190968
0.36257 0.21875 0.12037
0.404801 0.233217 0.279513
0.447399 0.33449 0.53993
0.490056 0.421296 0.756944
0.533795 0.551504 0.916088
0.578133 0.63831 0.945023
0.620286 0.681713 0.945023
0.663793 0.725116 0.916088
0.706817 0.797454 0.84375
0.747386 0.869792 0.728009
0.790738 0.94213 0.612268
0.831887 0.971065 0.510995
0.873538 0.985532 0.438657
0.915692 0.985532 0.366319
0.957981 1 0.337384
1 1 0.322916

Points: 29
Width: 0.0677586
Duration: 260.566
Centroid: 0.506092 0.493276
0 0.701019 0.918575
0.0140469 0.701019 0.943173
0.0466981 0.676421 0.96777
0.079964 0.651824 0.980068
0.111536 0.578033 0.980068
0.144757 0.479644 0.980068
0.176314 0.356659 0.930874
0.209969 0.245971 0.844784
0.241886 0.122986 0.684902
0.274987 0.0368957 0.500424
0.307518 0 0.36514
0.340379 0 0.254453
0.373031 0.0245971 0.19296
0.405952 0.0737913 0.168363
0.437943 0.184479 0.180661
0.470055 0.332061 0.229855
0.504265 0.504241 0.315945
0.535747 0.627227 0.402036
0.569927 0.713317 0.525021
0.602728 0.713317 0.574215
0.63553 0.713317 0.611111
0.766584 0.713317 0.586514
0.800615 0.713317 0.512723
0.833206 0.713317 0.402036
0.866277 0.713317 0.254453
0.900127 0.750213 0.119168
0.933408 0.799407 0.0453771
0.96576 0.824004 0.02078
1 0.836303 0.00848148

Points: 31
Width: 0.217419
Duration: 372.656
Centroid: 0.44371 0.524247
0 0.464639 1
0.0422222 0.460806 0.977003
0.0663941 0.456973 0.923343
0.0893501 0.456973 0.835188
0.112201 0.456973 0.685707
0.13457 0.464639 0.566889
0.158092 0.472305 0.474901
0.182453 0.472305 0.375247
0.205744 0.476138 0.32542
0.227128 0.47997 0.302423
0.254361 0.47997 0.294758
0.27826 0.483803 0.294758
0.302138 0.483803 0.310089
0.325115 0.483803 0.317755
0.643941 0.58729 0.551558
0.65413 0.583457 0.551558
0.676625 0.56046 0.536226
0.699371 0.529797 0.524728
0.722537 0.499135 0.505564
0.745325 0.47997 0.490232
0.768176 0.460806 0.478734
0.791656 0.456973 0.471068
0.814759 0.456973 0.467235
0.8387 0.456973 0.45957
0.861111 0.456973 0.455737
0.884067 0.460806 0.444238
0.906751 0.495302 0.417409
0.930273 0.556627 0.386746
0.953774 0.606454 0.367582
0.976352 0.625618 0.356083
1 0.633284 0.35225

Points: 29
Width: 0.0681034
Duration: 239.875
Centroid: 0.47477 0.507874
0 0.256962 0.576793
0.027358 0.305908 0.540084
0.0634771 0.379325 0.515612
0.0989122 0.501688 0.503375
0.135715 0.685233 0.503375
0.171378 0.783123 0.527848
0.207107 0.832069 0.576793
0.243193 0.881014 0.625738
0.279801 0.89325 0.68692
0.316148 0.89325 0.748101
0.353146 0.868777 0.809283
0.388777 0.807596 0.858228
0.423821 0.746414 0.882701
0.460103 0.624052 0.894937
0.496971 0.501688 0.894937
0.533123 0.403798 0.845992
0.569958 0.244726 0.772574
0.605719 0.085654 0.662447
0.641154 0.0244726 0.55232
0.677599 0 0.429958
0.713523 0.0122363 0.307595
0.750293 0.0489452 0.197468
0.788106 0.146836 0.136286
0.82201 0.256962 0.087341
0.858097 0.416034 0.0628684
0.892327 0.56287 0.0628684
0.927599 0.66076 0.0628684
0.964728 0.807596 0.0751047
1 0.868777 0.0995773

