Points: 25
Width: 0.2618
Duration: 440.286
Centroid: 0.444867 0.561533
0 0.465241 1
0.0358778 0.465241 0.990451
0.054819 0.465241 0.945888
0.0742303 0.455691 0.86631
0.0934802 0.446142 0.703972
0.112774 0.446142 0.519353
0.132302 0.442959 0.3411
0.151421 0.449325 0.226509
0.171433 0.47479 0.162847
0.191905 0.51617 0.134199
0.210581 0.548001 0.131016
0.229685 0.589381 0.140565
0.248576 0.618029 0.159664
0.268412 0.643494 0.181945
0.288654 0.665775 0.204227
0.308157 0.678508 0.229692
0.808331 0.331551 0.621212
0.862318 0.334734 0.621212
0.882558 0.357016 0.621212
0.902034 0.401579 0.621212
0.921456 0.462058 0.618029
0.941257 0.512987 0.614846
0.961363 0.560733 0.614846
0.981223 0.583015 0.614846
1 0.586198 0.614846

Points: 29
Width: 0.279253
Duration: 245.876
Centroid: 0.425805 0.607414
0 0.438876 1
0.0156319 0.438876 0.997016
0.0522075 0.435892 0.955238
0.0864099 0.432908 0.853777
0.121633 0.42694 0.740379
0.156776 0.415003 0.621013
0.193634 0.406051 0.495678
0.227099 0.397098 0.412122
0.261043 0.388146 0.358407
0.296345 0.385162 0.328566
0.329492 0.385162 0.325581
0.405594 0.385162 0.334534
0.441855 0.39113 0.358407
0.476591 0.412019 0.41809
0.511686 0.453797 0.474789
0.545896 0.492591 0.516567
0.581512 0.531385 0.54044
0.615561 0.561227 0.552377
0.649811 0.573163 0.558345
0.686498 0.582116 0.555361
0.720584 0.588084 0.528504
0.755132 0.597036 0.48971
0.790597 0.603005 0.430027
0.825989 0.605989 0.364375
0.860268 0.611957 0.298724
0.894156 0.62091 0.262914
0.930223 0.63583 0.245009
0.965183 0.647767 0.242025
1 0.656719 0.242025

Points: 33
Width: 0.127626
Duration: 266.266
Centroid: 0.434293 0.529394
0 0.339533 0.652552
0.000638166 0.346063 0.632964
0.0316305 0.365651 0.606846
0.0786227 0.411357 0.574199
0.0950647 0.463593 0.541551
0.12671 0.528888 0.535021
0.15916 0.63336 0.535021
0.190635 0.718243 0.541551
0.22378 0.796597 0.580728
0.257327 0.848833 0.613375
0.28916 0.868421 0.639493
0.321458 0.88801 0.6852
0.35444 0.88801 0.724377
0.387259 0.88801 0.757024
0.419693 0.868421 0.783142
0.453197 0.829244 0.796201
0.485231 0.744361 0.796201
0.516425 0.639889 0.796201
0.548874 0.470123 0.743965
0.58053 0.313415 0.67867
0.611858 0.189355 0.619905
0.645108 0.0587653 0.535021
0.678167 0.013059 0.469727
0.70999 0 0.404432
0.742821 0.013059 0.339137
0.775429 0.0783537 0.247724
0.807979 0.176296 0.156312
0.840843 0.287297 0.104076
0.873541 0.417887 0.0844874
0.904428 0.50277 0.0714284
0.937029 0.587653 0.0714284
0.967765 0.652948 0.0844874
1 0.672537 0.0975463

Points: 0
Width: -9.46063e-37
Duration: 4.59163e-41
Centroid: 0 0

Points: 37
Width: 0.267297
Duration: 311.717
Centroid: 0.513153 0.517297
0 0.369397 0.738878
0.0148106 0.372514 0.692113
0.0425982 0.378749 0.582996
0.0699261 0.394338 0.480115
0.0975649 0.419279 0.317998
0.126142 0.428631 0.180822
0.152973 0.453572 0.0748231
0.1828 0.466043 0.0342939
0.208911 0.469161 0.0124705
0.234897 0.472278 0.00311762
0.262421 0.475396 0
0.30694 0.475396 0.00311762
0.338919 0.481631 0.059235
0.362501 0.487866 0.158999
0.389904 0.487866 0.283704
0.418082 0.484749 0.439585
0.446103 0.484749 0.582996
0.473753 0.490984 0.68276
0.503302 0.503454 0.754466
0.529412 0.512807 0.78876
0.557271 0.519043 0.807465
0.583718 0.531513 0.816818
0.611705 0.543984 0.819936
0.640206 0.562689 0.819936
0.667793 0.578278 0.810583
0.695043 0.58763 0.78876
0.722421 0.603219 0.751348
0.750017 0.618807 0.704584
0.777099 0.62816 0.667172
0.805027 0.625042 0.635996
0.832984 0.612571 0.607937
0.86157 0.584513 0.586114
0.888856 0.547101 0.567408
0.916464 0.512807 0.561173
0.944291 0.475396 0.558055
0.972341 0.437984 0.558055
1 0.422396 0.567408

Points: 28
Width: 0.0752382
Duration: 227.402
Centroid: 0.511726 0.591905
0 0.388845 0.919303
0.00949713 0.366693 0.919303
0.0474824 0.333465 0.919303
0.0859401 0.278086 0.886075
0.122878 0.222706 0.786392
0.162061 0.145174 0.609177
0.199313 0.0787186 0.420886
0.237878 0.0676427 0.287975
0.277014 0.0787186 0.188291
0.315338 0.145174 0.110759
0.351285 0.233782 0.0664556
0.390611 0.333465 0.0332278
0.428198 0.477452 0.0110759
0.465522 0.599288 0
0.5032 0.721123 0.0443037
0.540791 0.820807 0.0996834
0.579613 0.898338 0.177215
0.618592 0.942642 0.243671
0.655638 0.953718 0.365506
0.693853 0.942642 0.498418
0.731874 0.909414 0.609177
0.770963 0.809731 0.731012
0.808327 0.732199 0.797468
0.847326 0.643592 0.830695
0.884933 0.532832 0.852847
0.922727 0.488528 0.863923
0.960937 0.444225 0.863923
1 0.410997 0.863923

Points: 16
Width: 0.210417
Duration: 236.047
Centroid: 0.518229 0.567917
0 0.508168 0.730693
0.0163645 0.504208 0.722772
0.053816 0.500247 0.69901
0.0894554 0.492327 0.647525
0.12566 0.480445 0.576238
0.162611 0.460644 0.50099
0.197745 0.456683 0.421782
0.235126 0.452723 0.370297
0.272843 0.464604 0.338614
0.30866 0.476485 0.326733
0.345956 0.500247 0.322772
0.381521 0.52401 0.322772
0.418208 0.543812 0.322772
0.453322 0.559653 0.334653
0.490109 0.579455 0.362376
1 0.496287 1

Points: 30
Width: 0.115167
Duration: 244.456
Centroid: 0.535222 0.569833
0 0.643753 0.971056
0.0136204 0.636517 0.978292
0.0492404 0.614809 0.992764
0.0848304 0.593102 1
0.120029 0.549686 1
0.154089 0.484563 0.985528
0.187775 0.426676 0.934877
0.223631 0.383261 0.891461
0.257905 0.347081 0.833574
0.293729 0.339846 0.761215
0.328769 0.339846 0.703328
0.363225 0.376025 0.645441
0.398038 0.433912 0.580318
0.433388 0.513507 0.544139
0.468888 0.600338 0.493487
0.504756 0.650989 0.457308
0.539221 0.687168 0.406657
0.575417 0.716112 0.356005
0.610379 0.730584 0.276411
0.6458 0.73782 0.204052
0.681448 0.730584 0.146165
0.717647 0.708876 0.102749
0.752326 0.672697 0.0882775
0.788022 0.614809 0.0738057
0.823119 0.513507 0.0738057
0.858715 0.354317 0.0738057
0.893721 0.231307 0.0810416
0.929535 0.158948 0.102749
0.965211 0.108297 0.117221
1 0.101061 0.124457

Points: 34
Width: 0.10451
Duration: 276.678
Centroid: 0.484118 0.557843
0 0.623827 0.909006
0.00680506 0.599906 0.924953
0.0384179 0.568011 0.932927
0.0707278 0.536116 0.948875
0.100248 0.464353 0.948875
0.132176 0.392589 0.91698
0.162395 0.288931 0.837242
0.192619 0.217167 0.72561
0.22369 0.145403 0.558162
0.255603 0.0816135 0.40666
0.28699 0.0816135 0.342871
0.317286 0.0736398 0.207317
0.349543 0.113508 0.103659
0.380326 0.169325 0.0637898
0.411341 0.233114 0.0318949
0.441145 0.304878 0.0159475
0.4725 0.384615 0
0.502274 0.504222 0
0.532124 0.60788 0.0159475
0.562251 0.679644 0.0478424
0.594605 0.73546 0.095685
0.625141 0.767355 0.159475
0.656103 0.783302 0.25516
0.687288 0.783302 0.350844
0.71828 0.783302 0.454503
0.748541 0.767355 0.550188
0.779796 0.73546 0.637899
0.811767 0.719512 0.693715
0.842749 0.703565 0.741558
0.873766 0.679644 0.781426
0.90483 0.647749 0.813321
0.93628 0.631801 0.829269
0.968225 0.60788 0.845216
1 0.583959 0.85319

Points: 30
Width: 0.0869444
Duration: 240.747
Centroid: 0.499944 0.579722
0 0.155271 0.875399
0.00070784 0.155271 0.865815
0.0352845 0.155271 0.789137
0.0697192 0.164856 0.626198
0.104951 0.164856 0.434505
0.140714 0.164856 0.26198
0.175916 0.17444 0.127795
0.210782 0.184025 0.0702873
0.245643 0.184025 0.051118
0.280948 0.19361 0.051118
0.316009 0.19361 0.0607026
0.351016 0.203194 0.156549
0.386454 0.212779 0.290734
0.421968 0.260703 0.472843
0.458129 0.308626 0.616614
0.494304 0.385303 0.769968
0.530637 0.461981 0.913738
0.567439 0.557827 0.980831
0.603112 0.644089 1
0.638186 0.701597 1
0.67441 0.787859 0.980831
0.710753 0.826198 0.942492
0.746755 0.883706 0.837061
0.783652 0.902875 0.674122
0.818937 0.979552 0.434505
0.854633 0.998722 0.271565
0.891208 0.998722 0.175719
0.927257 0.998722 0.108626
0.962748 0.998722 0.0798719
1 0.998722 0.0798719

Points: 0
Width: 6.20661e-36
Duration: 1.4013e-45
Centroid: 0 0

Points: 34
Width: 0.252059
Duration: 456.904
Centroid: 0.548235 0.673726
0 0.619214 0.76371
0.00833031 0.619214 0.76371
0.0267457 0.619214 0.767017
0.0455928 0.619214 0.780241
0.0640082 0.619214 0.80669
0.0831524 0.609296 0.833139
0.102028 0.599377 0.862894
0.121364 0.582847 0.879424
0.139574 0.566316 0.886036
0.159213 0.54648 0.889342
0.178198 0.529949 0.872812
0.197046 0.5035 0.843057
0.215075 0.457215 0.780241
0.234271 0.430766 0.704201
0.252786 0.414235 0.605017
0.27129 0.407623 0.49261
0.28982 0.420848 0.366978
0.308219 0.440684 0.267795
0.326975 0.457215 0.181836
0.346059 0.467133 0.0991832
0.365028 0.470439 0.0429793
0.38414 0.470439 0.0132244
0.4037 0.470439 0.0033061
0.422592 0.470439 0
0.840435 0.341501 0.304162
0.84959 0.341501 0.307468
0.86825 0.344807 0.310774
0.887161 0.361338 0.323998
0.90578 0.391093 0.340529
0.925698 0.457215 0.360366
0.944614 0.536561 0.37359
0.962609 0.579541 0.386814
0.98103 0.612602 0.393427
1 0.62252 0.393427

Points: 24
Width: 0.114861
Duration: 192.523
Centroid: 0.473195 0.509861
0 0.29746 0.718259
0.0196887 0.29746 0.711004
0.063119 0.29746 0.638452
0.10729 0.304715 0.486094
0.151585 0.340991 0.326481
0.196337 0.362757 0.166868
0.241261 0.384522 0.0798067
0.287108 0.399032 0.0217654
0.330838 0.399032 0
0.373898 0.406287 0
0.418185 0.413543 0.00725513
0.461575 0.413543 0.0725516
0.506017 0.413543 0.188634
0.551083 0.413543 0.362757
0.596791 0.413543 0.53688
0.640285 0.435308 0.645707
0.684207 0.493349 0.76179
0.73112 0.558645 0.819831
0.774799 0.638452 0.877872
0.818848 0.732768 0.906892
0.864157 0.834341 0.914148
0.907446 0.885126 0.921403
0.953207 0.928657 0.921403
1 0.935912 0.914148

Points: 32
Width: 0.0823958
Duration: 267.017
Centroid: 0.472292 0.507396
0 0.506321 0.981037
0.0296863 0.496207 0.981037
0.0627429 0.465866 0.981037
0.0939817 0.39507 0.930468
0.126201 0.314159 0.839444
0.1585 0.273704 0.798989
0.191198 0.162452 0.637168
0.224341 0.0815423 0.475348
0.257505 0.0410872 0.333755
0.289048 0.0613147 0.242731
0.320965 0.10177 0.131479
0.353659 0.162452 0.0809102
0.386034 0.243363 0.0404551
0.419246 0.314159 0.0101138
0.452456 0.405183 0
0.484626 0.506321 0.0101138
0.515883 0.658028 0.0505689
0.548522 0.749052 0.111252
0.581389 0.809735 0.16182
0.614306 0.85019 0.252844
0.647249 0.860304 0.323641
0.679383 0.85019 0.434893
0.711221 0.829962 0.525917
0.741804 0.789507 0.606827
0.774421 0.76928 0.647282
0.805488 0.728824 0.697851
0.838539 0.678256 0.738306
0.87078 0.647914 0.768648
0.902399 0.627687 0.788875
0.934538 0.577118 0.798989
0.966779 0.526549 0.809103
1 0.516435 0.809103

Points: 41
Width: 0.150976
Duration: 349.942
Centroid: 0.526626 0.519309
0 0.185514 0.723075
0.0102389 0.179995 0.712035
0.0359016 0.179995 0.612682
0.0601648 0.179995 0.441572
0.0847363 0.168956 0.242865
0.109586 0.168956 0.104873
0.13468 0.168956 0.0220786
0.160222 0.168956 0
0.193299 0.174475 0.0220786
0.218944 0.185514 0.104873
0.242403 0.191034 0.231825
0.267051 0.196554 0.369817
0.290846 0.213113 0.529887
0.315872 0.26279 0.667878
0.340715 0.295908 0.767232
0.364781 0.340065 0.822428
0.389267 0.384222 0.855546
0.413584 0.41734 0.861066
0.437946 0.444938 0.850027
0.462624 0.478056 0.783791
0.487481 0.516694 0.706516
0.512544 0.533253 0.618201
0.536464 0.549812 0.535406
0.56102 0.555331 0.507808
0.586546 0.560851 0.502288
0.628076 0.566371 0.507808
0.653305 0.593969 0.557485
0.677785 0.632606 0.612682
0.702398 0.687803 0.673398
0.72748 0.748519 0.712035
0.752275 0.781637 0.723075
0.77623 0.803716 0.723075
0.801722 0.820275 0.712035
0.825944 0.842353 0.651319
0.850624 0.869951 0.546446
0.875387 0.88651 0.436053
0.900424 0.903069 0.331179
0.924976 0.908589 0.237345
0.950526 0.914109 0.176629
0.97446 0.919628 0.15455
1 0.919628 0.149031

Points: 0
Width: 6.20661e-36
Duration: 1.4013e-45
Centroid: 0 0

Points: 35
Width: 0.0971429
Duration: 311.771
Centroid: 0.514571 0.507857
0 0.656618 0.854167
0.0102865 0.656618 0.888481
0.0374468 0.656618 0.931373
0.0654277 0.630882 0.965686
0.0922936 0.596569 0.991422
0.119733 0.570833 1
0.147388 0.519363 0.991422
0.175413 0.450735 0.965686
0.2036 0.347794 0.905637
0.231992 0.236275 0.785539
0.259287 0.0990197 0.605392
0.286898 0.0389707 0.459559
0.315051 0.0132353 0.305147
0.342656 0.0132353 0.202206
0.369619 0.0132353 0.167892
0.397262 0.0818628 0.142157
0.42575 0.167647 0.142157
0.45328 0.287745 0.167892
0.480873 0.433578 0.219363
0.508155 0.553676 0.28799
0.536468 0.613726 0.382353
0.56376 0.630882 0.45098
0.59233 0.639461 0.502451
0.619913 0.639461 0.528186
0.648132 0.630882 0.536765
0.743539 0.630882 0.536765
0.771842 0.630882 0.493873
0.799303 0.630882 0.45098
0.827244 0.648039 0.373775
0.854993 0.682353 0.296569
0.881937 0.733823 0.23652
0.910428 0.793872 0.193627
0.938585 0.836765 0.185049
0.965191 0.8625 0.176471
1 0.871078 0.176471

Points: 0
Width: 6.20661e-36
Duration: 1.4013e-45
Centroid: 0 0

Points: 33
Width: 0.234747
Duration: 291.62
Centroid: 0.469546 0.628586
0 0.366071 1
0.0267431 0.366071 0.99645
0.0552175 0.366071 0.946751
0.0841541 0.369621 0.875753
0.113385 0.376721 0.797655
0.142915 0.376721 0.694707
0.172832 0.383821 0.60241
0.20284 0.387371 0.503012
0.232062 0.387371 0.435564
0.262559 0.387371 0.385865
0.29182 0.387371 0.371665
0.383402 0.390921 0.375215
0.413617 0.40512 0.417814
0.443039 0.43352 0.463963
0.472076 0.472569 0.495912
0.500404 0.522267 0.520762
0.530452 0.593266 0.531411
0.559586 0.635865 0.531411
0.588707 0.657164 0.524311
0.619361 0.671364 0.499462
0.649312 0.682014 0.463963
0.676742 0.689113 0.421364
0.706526 0.689113 0.382315
0.734782 0.689113 0.353916
0.763709 0.671364 0.329066
0.794112 0.650064 0.314866
0.823253 0.614565 0.311317
0.852283 0.579066 0.311317
0.880972 0.518718 0.314866
0.9103 0.486768 0.321966
0.939947 0.444169 0.329066
0.969744 0.42642 0.336166
1 0.42287 0.339716

Points: 16
Width: 0.28
Duration: 129.286
Centroid: 0.454063 0.585
0 0.498698 1
0.0615383 0.498698 0.997024
0.129784 0.498698 0.964286
0.195794 0.498698 0.880952
0.261812 0.489769 0.761905
0.329295 0.489769 0.595238
0.39711 0.483817 0.470238
0.463271 0.477865 0.377976
0.532189 0.477865 0.324405
0.597663 0.483817 0.285714
0.663816 0.489769 0.255952
0.732115 0.498698 0.238095
0.798858 0.510603 0.220238
0.866175 0.519531 0.211309
0.933869 0.534412 0.208333
1 0.549293 0.208333

Points: 38
Width: 0.105965
Duration: 341.098
Centroid: 0.484298 0.50136
0 0.597682 0.729511
0.0150708 0.597682 0.753104
0.0406775 0.597682 0.784561
0.0658204 0.581954 0.808154
0.0918937 0.566225 0.831746
0.117772 0.550497 0.839611
0.142686 0.534768 0.839611
0.167288 0.503312 0.839611
0.1925 0.448262 0.823882
0.218023 0.361755 0.768833
0.243673 0.235927 0.650869
0.268967 0.133692 0.532905
0.295044 0.0471854 0.399213
0.32033 0.00786423 0.320571
0.344553 0 0.257657
0.370174 0 0.202607
0.395395 0.0393212 0.17115
0.421442 0.0865067 0.147558
0.447653 0.212335 0.147558
0.471848 0.338162 0.186879
0.497157 0.471854 0.265521
0.522417 0.566225 0.359892
0.547368 0.597682 0.414942
0.572445 0.652732 0.525041
0.597353 0.66846 0.587955
0.62166 0.676325 0.643005
0.648475 0.676325 0.658733
0.670953 0.676325 0.666597
0.773419 0.676325 0.658733
0.798625 0.676325 0.595819
0.823333 0.66846 0.501448
0.84835 0.676325 0.407078
0.873673 0.715646 0.336299
0.89962 0.739239 0.304842
0.924497 0.786424 0.28125
0.949104 0.83361 0.257657
0.975218 0.880795 0.249793
1 0.920116 0.249793

Points: 22
Width: 0.0975
Duration: 171.207
Centroid: 0.507879 0.525833
0 0.767288 0.863248
0.00133473 0.767288 0.871795
0.0477081 0.758741 0.871795
0.0981542 0.741647 0.880342
0.147226 0.707459 0.905983
0.197592 0.630536 0.931624
0.248762 0.545066 0.940171
0.299995 0.468143 0.931624
0.348302 0.357032 0.863248
0.401247 0.237374 0.752136
0.449326 0.16045 0.641025
0.500793 0.109168 0.51282
0.551364 0.109168 0.376068
0.599888 0.126262 0.239316
0.650283 0.177544 0.145299
0.698242 0.288656 0.051282
0.750337 0.425408 0.017094
0.800064 0.553613 0
0.849728 0.681818 0.008547
0.899439 0.758741 0.042735
0.950136 0.810023 0.068376
1 0.81857 0.08547

Points: 34
Width: 0.286079
Duration: 444.623
Centroid: 0.502255 0.505588
0 0.466929 1
0.000533721 0.466929 1
0.0190536 0.464016 0.97087
0.0379381 0.464016 0.933002
0.0571916 0.461103 0.857265
0.0765945 0.452365 0.723269
0.0961071 0.443626 0.592187
0.115954 0.4378 0.449452
0.135963 0.426148 0.353324
0.155113 0.426148 0.30963
0.174395 0.426148 0.295065
0.193945 0.426148 0.289239
0.269558 0.426148 0.295065
0.289547 0.431974 0.306717
0.308645 0.434887 0.321282
0.328096 0.443626 0.341673
0.611574 0.571796 0.525189
0.638425 0.568883 0.525189
0.658236 0.557231 0.519363
0.677448 0.539753 0.507711
0.696888 0.507711 0.496059
0.716546 0.484407 0.484407
0.736254 0.455278 0.472755
0.755292 0.4378 0.46693
0.773939 0.434887 0.46693
0.8451 0.434887 0.464017
0.864132 0.446539 0.458191
0.88313 0.490233 0.4378
0.902459 0.560144 0.411583
0.921756 0.635881 0.373715
0.941679 0.676662 0.353324
0.960764 0.69414 0.33876
0.980327 0.702879 0.332934
1 0.702879 0.327108

Points: 0
Width: 6.20661e-36
Duration: 1.4013e-45
Centroid: 0 0

Points: 34
Width: 0.138235
Duration: 296.904
Centroid: 0.504069 0.470098
0 0.0693258 1
0.0132553 0.0693258 0.993972
0.0411209 0.057269 0.909575
0.0698977 0.0391839 0.764893
0.0985232 0.0210988 0.590071
0.127063 0.00904211 0.44539
0.155998 0.00904211 0.330851
0.184386 0.0150705 0.282624
0.213022 0.0271272 0.264539
0.241792 0.0512407 0.246454
0.270832 0.0994677 0.25851
0.299405 0.214007 0.288652
0.328231 0.346631 0.342908
0.3573 0.49734 0.427305
0.386172 0.563652 0.48156
0.416574 0.599822 0.541844
0.445989 0.611879 0.571986
0.538717 0.611879 0.541844
0.568569 0.605851 0.457447
0.597438 0.605851 0.354964
0.626142 0.617908 0.312766
0.6551 0.635993 0.270567
0.68514 0.672163 0.25851
0.718219 0.708333 0.252482
0.742417 0.750532 0.264539
0.770602 0.798758 0.300709
0.798471 0.865071 0.354964
0.827412 0.925354 0.469503
0.856587 0.967553 0.571986
0.884781 0.985638 0.692553
0.914176 0.997695 0.758865
0.942226 0.985638 0.789007
0.97099 0.985638 0.801064
1 0.97961 0.807092

Points: 14
Width: 0.187381
Duration: 231.926
Centroid: 0.509167 0.487619
0 0.47554 0.746506
0.000458963 0.47554 0.737611
0.0392813 0.47554 0.693138
0.074773 0.47554 0.613088
0.111924 0.47554 0.5108
0.147736 0.466645 0.435197
0.184579 0.466645 0.372935
0.222782 0.471093 0.337357
0.26083 0.488882 0.310673
0.297214 0.52446 0.297332
0.33407 0.564485 0.297332
0.370455 0.600064 0.310673
0.407487 0.626747 0.337357
1 0.413278 1

Points: 42
Width: 0.207857
Duration: 360.292
Centroid: 0.541508 0.557143
0 0.496373 0.546964
0.0202581 0.452272 0.550974
0.0443488 0.400153 0.542955
0.0692011 0.360061 0.514891
0.0921209 0.323978 0.462772
0.116092 0.295914 0.414662
0.140123 0.283887 0.378579
0.165079 0.279878 0.330469
0.189235 0.279878 0.27835
0.211891 0.275868 0.222222
0.235426 0.279878 0.18213
0.258891 0.295914 0.166094
0.282732 0.323978 0.158075
0.306154 0.380107 0.170103
0.329301 0.440244 0.206185
0.352869 0.488354 0.274341
0.37626 0.552501 0.382589
0.399613 0.600611 0.538946
0.423271 0.628675 0.643184
0.4467 0.644712 0.743413
0.470354 0.648721 0.815578
0.494358 0.648721 0.895762
0.51834 0.640702 0.955899
0.541875 0.632684 0.987972
0.565224 0.628675 0.995991
0.589967 0.624666 1
0.643339 0.616647 0.995991
0.666983 0.596602 0.963918
0.690599 0.576556 0.895762
0.714118 0.548492 0.795533
0.738008 0.528446 0.683276
0.762232 0.516418 0.571019
0.786737 0.516418 0.490836
0.810183 0.520427 0.406644
0.834718 0.536464 0.350515
0.859034 0.552501 0.298396
0.88278 0.568537 0.254295
0.905692 0.580565 0.23024
0.93001 0.592592 0.206185
0.953477 0.60462 0.18213
0.976649 0.616647 0.158075
1 0.620656 0.158075

Points: 29
Width: 0.0917816
Duration: 231.979
Centroid: 0.504425 0.481782
0 0.539449 0.853475
0.000745116 0.484972 0.871634
0.0362918 0.457733 0.880714
0.0726467 0.412336 0.880714
0.10978 0.366938 0.844396
0.146935 0.294302 0.7536
0.184747 0.257984 0.653726
0.222651 0.221666 0.526613
0.260003 0.212586 0.417658
0.296619 0.212586 0.290545
0.33353 0.221666 0.19067
0.370992 0.248904 0.118034
0.408525 0.32154 0.0453976
0.446059 0.430495 0.00907952
0.482448 0.503131 0
0.519055 0.575767 0.0272385
0.555755 0.639324 0.0635566
0.592725 0.675642 0.118034
0.629286 0.71196 0.19067
0.666437 0.748278 0.281465
0.702615 0.766437 0.363181
0.739277 0.775517 0.508453
0.777825 0.757358 0.644646
0.814555 0.730119 0.744521
0.851444 0.675642 0.798998
0.887349 0.621165 0.844396
0.924524 0.584846 0.853475
0.962332 0.539449 0.862555
1 0.51221 0.862555

Points: 32
Width: 0.0934896
Duration: 280.87
Centroid: 0.501823 0.46776
0 0.115877 0.922005
0.0171064 0.0891365 0.877437
0.0473904 0.0534818 0.815041
0.0780151 0.0267409 0.699164
0.107771 0.00891364 0.565459
0.138726 0 0.431754
0.16894 0.00891364 0.333705
0.198974 0.0445682 0.271309
0.229449 0.0980502 0.253482
0.259733 0.178273 0.244568
0.289488 0.267409 0.271309
0.320172 0.383287 0.324791
0.350543 0.472423 0.405014
0.381268 0.534819 0.49415
0.412505 0.56156 0.556546
0.444058 0.56156 0.583287
0.540942 0.579387 0.565459
0.572343 0.5883 0.485236
0.603221 0.597214 0.3961
0.633529 0.632869 0.315877
0.663817 0.65961 0.271309
0.695321 0.713092 0.253482
0.725946 0.75766 0.235654
0.758629 0.820055 0.244568
0.787171 0.85571 0.29805
0.817218 0.891364 0.360445
0.847899 0.918105 0.467409
0.877835 0.935933 0.583287
0.908234 0.935933 0.725905
0.938313 0.918105 0.868523
0.968447 0.900278 0.930919
1 0.891364 0.948746

Points: 0
Width: 6.20661e-36
Duration: 1.4013e-45
Centroid: 0 0

Points: 28
Width: 0.0845238
Duration: 236.47
Centroid: 0.528631 0.532143
0 0.725 0.980282
0.0155155 0.715141 0.990141
0.0529517 0.675704 1
0.0886452 0.616549 1
0.124987 0.508098 1
0.161829 0.379929 0.970423
0.199124 0.25176 0.911268
0.235619 0.163028 0.861972
0.27287 0.14331 0.822535
0.309608 0.133451 0.77324
0.39687 0.182746 0.684507
0.41853 0.271479 0.64507
0.454637 0.399648 0.595775
0.492056 0.577113 0.52676
0.527866 0.665845 0.477464
0.56403 0.715141 0.438028
0.600351 0.754577 0.369014
0.63782 0.784155 0.270422
0.676438 0.784155 0.191549
0.712325 0.784155 0.122535
0.748011 0.754577 0.0830983
0.783097 0.695422 0.0535208
0.818761 0.636268 0.0436617
0.855161 0.527817 0.0338025
0.890884 0.399648 0.0338025
0.926722 0.301056 0.0338025
0.962597 0.232042 0.0436617
1 0.222183 0.0436617

Points: 31
Width: 0.174247
Duration: 272.479
Centroid: 0.519677 0.472581
0 0.400494 0.717372
0.0192388 0.395711 0.645634
0.0508603 0.390929 0.506943
0.0825929 0.390929 0.373033
0.114856 0.386146 0.215211
0.146151 0.390929 0.090867
0.178751 0.400494 0.0239124
0.209961 0.400494 0
0.307621 0.400494 0.00478247
0.340396 0.400494 0.0526072
0.371036 0.410059 0.143474
0.403152 0.419624 0.286949
0.434569 0.433971 0.44477
0.466438 0.457883 0.59781
0.499826 0.491361 0.707807
0.531462 0.524838 0.765196
0.562001 0.56788 0.793891
0.592662 0.591793 0.798674
0.624312 0.610923 0.798674
0.656307 0.62527 0.789109
0.687606 0.6444 0.765196
0.718625 0.658747 0.726937
0.749519 0.668312 0.679112
0.780151 0.668312 0.636069
0.811242 0.653965 0.602592
0.842581 0.62527 0.573897
0.87422 0.58701 0.55955
0.906221 0.543968 0.549985
0.937029 0.486578 0.549985
0.968103 0.448318 0.549985
1 0.424406 0.549985

Points: 14
Width: 0.141309
Duration: 223.794
Centroid: 0.5025 0.502024
0 0.491154 0.764111
0.000903279 0.491154 0.752317
0.0385574 0.485257 0.687447
0.0767787 0.473463 0.604886
0.115847 0.467565 0.504633
0.154186 0.455771 0.445661
0.193625 0.455771 0.374895
0.231336 0.467565 0.333614
0.271228 0.491154 0.315922
0.309148 0.514743 0.292334
0.348186 0.538332 0.292334
0.385569 0.573715 0.304128
0.424271 0.609099 0.327717
1 0.485257 1

Points: 43
Width: 0.192829
Duration: 363.664
Centroid: 0.54093 0.572171
0 0.571056 0.429547
0.0182899 0.571056 0.455477
0.0424016 0.562412 0.472763
0.0656674 0.549447 0.494372
0.0900879 0.523518 0.507336
0.113093 0.493267 0.511658
0.136979 0.45005 0.507336
0.160927 0.385226 0.472763
0.183736 0.320402 0.420904
0.207743 0.281508 0.369045
0.232395 0.251256 0.304221
0.255516 0.246935 0.252361
0.27949 0.246935 0.183215
0.303943 0.259899 0.144321
0.3278 0.281508 0.127035
0.350383 0.333367 0.11407
0.374106 0.380905 0.131356
0.397914 0.432764 0.170251
0.421464 0.480302 0.256683
0.444902 0.527839 0.390653
0.46878 0.566734 0.563517
0.492223 0.588342 0.70613
0.516456 0.60995 0.818492
0.540935 0.614272 0.896281
0.564529 0.622915 0.926533
0.588052 0.622915 0.961106
0.611914 0.622915 0.978392
0.636351 0.614272 0.995678
0.6593 0.60995 1
0.692706 0.60995 1
0.717174 0.605628 0.987035
0.739694 0.571056 0.926533
0.763298 0.549447 0.853065
0.787063 0.527839 0.762311
0.810952 0.514875 0.636985
0.834416 0.510553 0.481407
0.857494 0.510553 0.369045
0.881131 0.527839 0.273969
0.904445 0.553769 0.187537
0.927936 0.579699 0.135678
0.951669 0.601307 0.11407
0.975601 0.605628 0.105427
1 0.60995 0.105427

Points: 32
Width: 0.102969
Duration: 259.674
Centroid: 0.503333 0.459635
0 0.321953 0.582701
0.00591186 0.321953 0.574608
0.0393748 0.338139 0.566515
0.0719578 0.386697 0.542235
0.104503 0.475721 0.526049
0.137409 0.556652 0.517956
0.171564 0.637583 0.517956
0.204614 0.694234 0.526049
0.237768 0.750885 0.566515
0.271209 0.767072 0.598887
0.303709 0.775165 0.655539
0.338894 0.783258 0.736469
0.371597 0.775165 0.776935
0.404737 0.758979 0.801214
0.437636 0.718513 0.841679
0.470001 0.661862 0.841679
0.502644 0.572838 0.841679
0.535407 0.459535 0.833586
0.567607 0.338139 0.776935
0.600423 0.257208 0.71219
0.633088 0.192464 0.663632
0.66601 0.168184 0.582701
0.699029 0.160091 0.485584
0.732334 0.168184 0.348002
0.765962 0.200557 0.267071
0.799771 0.281487 0.153768
0.833971 0.346232 0.0809306
0.866893 0.435256 0.0323723
0.900032 0.540466 0.00809306
0.933743 0.669955 0
0.965792 0.726606 0.00809306
1 0.758979 0.0323723

Points: 26
Width: 0.104103
Duration: 222.117
Centroid: 0.518205 0.475769
0 0.284483 0.736453
0.020963 0.284483 0.680419
0.0587387 0.284483 0.56835
0.097464 0.276478 0.424261
0.136462 0.276478 0.248153
0.175891 0.284483 0.0800492
0.215021 0.292487 0.00800492
0.253456 0.300492 0
0.341379 0.300492 0.00800492
0.3813 0.316502 0.0320197
0.41956 0.324507 0.112069
0.458944 0.348522 0.232143
0.497951 0.372537 0.352217
0.538409 0.412561 0.456281
0.576299 0.460591 0.56835
0.615517 0.52463 0.664409
0.652246 0.58867 0.736453
0.690778 0.652709 0.784482
0.729389 0.700739 0.792487
0.767613 0.772783 0.800492
0.805969 0.804803 0.800492
0.844175 0.812807 0.800492
0.882681 0.820812 0.792487
0.920782 0.828817 0.776478
0.960052 0.836822 0.776478
1 0.836822 0.768473

Points: 0
Width: 6.20661e-36
Duration: 1.4013e-45
Centroid: 0 0

Points: 14
Width: 0.145
Duration: 208.156
Centroid: 0.51619 0.491667
0 0.461412 0.747126
0.0234293 0.461412 0.712644
0.0638136 0.455665 0.672414
0.105418 0.449918 0.614942
0.147266 0.444171 0.557471
0.189048 0.444171 0.471264
0.229254 0.444171 0.396552
0.272088 0.461412 0.333333
0.313007 0.495895 0.298851
0.35416 0.530378 0.287356
0.396271 0.564861 0.281609
0.436928 0.616585 0.293103
0.479423 0.656815 0.333333
1 0.513136 1

Points: 27
Width: 0.0935186
Duration: 224.531
Centroid: 0.536481 0.501852
0 0.661386 0.926732
0.0346642 0.661386 0.935643
0.0743998 0.643564 0.944554
0.112543 0.590099 0.953465
0.150278 0.483168 0.953465
0.189109 0.376238 0.935643
0.228514 0.313861 0.917822
0.266119 0.269307 0.899999
0.305732 0.251485 0.873267
0.343659 0.251485 0.819802
0.383272 0.260396 0.739603
0.421895 0.29604 0.668316
0.458577 0.385148 0.579207
0.497512 0.492079 0.525742
0.537082 0.616832 0.436633
0.574765 0.688119 0.374257
0.613083 0.714851 0.320792
0.651087 0.741584 0.258415
0.689936 0.741584 0.178218
0.728993 0.723762 0.106931
0.768415 0.670297 0.0534653
0.806559 0.625742 0.0267326
0.845207 0.554455 0
0.883951 0.492079 0
0.923165 0.40297 0
0.960865 0.322772 0.0178218
1 0.269307 0.0534653

Points: 0
Width: 6.20661e-36
Duration: 1.4013e-45
Centroid: 0 0

Points: 35
Width: 0.0971905
Duration: 321.553
Centroid: 0.527191 0.515762
0 0.651641 0.701862
0.0242719 0.651641 0.710437
0.0498618 0.651641 0.727585
0.0762232 0.651641 0.744734
0.103131 0.634493 0.770456
0.128843 0.591622 0.796179
0.155556 0.514453 0.821902
0.182823 0.420137 0.830476
0.209573 0.291524 0.821902
0.235831 0.188633 0.761882
0.262739 0.077168 0.658991
0.289216 0.0257227 0.504655
0.315923 0 0.384616
0.342849 0.0171484 0.2903
0.368889 0.0514453 0.238854
0.396283 0.120039 0.204557
0.42395 0.197207 0.195983
0.450348 0.308672 0.204557
0.477116 0.420137 0.238854
0.503975 0.505879 0.316022
0.530926 0.574473 0.410339
0.557172 0.634493 0.513229
0.584056 0.66879 0.598971
0.61145 0.685938 0.650417
0.637446 0.685938 0.67614
0.758229 0.685938 0.667566
0.785586 0.685938 0.61612
0.81216 0.66879 0.521803
0.838819 0.66879 0.427487
0.866292 0.685938 0.333171
0.893334 0.728809 0.264577
0.919325 0.754532 0.23028
0.947296 0.780254 0.221706
0.973323 0.797403 0.221706
1 0.823126 0.221706

Points: 30
Width: 0.246056
Duration: 267.584
Centroid: 0.535222 0.528944
0 0.408106 1
0.0441742 0.408106 0.996613
0.0775676 0.401332 0.942425
0.108713 0.401332 0.857756
0.14072 0.401332 0.705351
0.17358 0.401332 0.566494
0.205798 0.401332 0.447957
0.236725 0.404719 0.386995
0.270483 0.404719 0.363288
0.301643 0.404719 0.359901
0.388167 0.408106 0.366674
0.421553 0.418266 0.403929
0.453311 0.441973 0.45473
0.485077 0.469067 0.485211
0.516697 0.513095 0.508919
0.549287 0.56051 0.519079
0.581995 0.611312 0.519079
0.615446 0.635019 0.512305
0.647285 0.651953 0.488598
0.679175 0.662113 0.451344
0.711714 0.672274 0.410702
0.744706 0.672274 0.373448
0.776844 0.672274 0.356514
0.810238 0.658727 0.34974
0.840784 0.624859 0.34974
0.871959 0.563897 0.34974
0.904294 0.499548 0.353127
0.93622 0.438587 0.366674
0.968125 0.401332 0.373448
1 0.387785 0.380221

Points: 27
Width: 0.096358
Duration: 215.074
Centroid: 0.524198 0.474691
0 0.486867 0.959962
0.000735575 0.46957 0.959962
0.0396756 0.434977 0.951313
0.0799688 0.374439 0.873479
0.119935 0.279308 0.761051
0.159856 0.227418 0.605381
0.20182 0.175528 0.449712
0.240088 0.16688 0.302691
0.279291 0.184177 0.181615
0.319221 0.236066 0.112428
0.356863 0.322549 0.0432415
0.396965 0.443626 0
0.437131 0.564702 0
0.476516 0.67713 0.0259449
0.516918 0.746316 0.0605381
0.55624 0.815503 0.112428
0.596269 0.841447 0.216208
0.635918 0.841447 0.35458
0.675457 0.815503 0.484305
0.715433 0.754965 0.588085
0.755916 0.659833 0.700513
0.797345 0.581999 0.769699
0.838056 0.530109 0.786996
0.877695 0.486867 0.795644
0.917398 0.46957 0.795644
0.959316 0.460922 0.804292
1 0.452274 0.804292

Points: 28
Width: 0.111726
Duration: 240.594
Centroid: 0.54119 0.433274
0 0.211241 1
0.000771204 0.203783 0.955248
0.0361167 0.181406 0.865743
0.0715677 0.151572 0.716569
0.106264 0.136654 0.522642
0.142307 0.144113 0.351092
0.178603 0.15903 0.24667
0.214728 0.188865 0.179541
0.251656 0.226159 0.157165
0.288455 0.285828 0.157165
0.32272 0.360416 0.194459
0.358878 0.457379 0.283963
0.393428 0.554342 0.380927
0.428229 0.621471 0.492808
0.462446 0.688599 0.612147
0.496891 0.710975 0.701652
0.531676 0.710975 0.76878
0.567306 0.710975 0.806074
0.602505 0.703516 0.813532
0.714005 0.696058 0.798615
0.748255 0.696058 0.738945
0.78356 0.688599 0.619606
0.819092 0.696058 0.455514
0.854794 0.710975 0.343633
0.890822 0.748269 0.24667
0.927418 0.778104 0.201918
0.962933 0.785563 0.194459
1 0.793021 0.194459

Points: 24
Width: 0.186389
Duration: 463.791
Centroid: 0.500764 0.520278
0 0.497951 1
0.00851087 0.497951 0.986587
0.0276551 0.489009 0.937407
0.0459275 0.475596 0.852459
0.0644906 0.466654 0.736215
0.0826999 0.462183 0.593145
0.101646 0.457712 0.436662
0.1205 0.453241 0.298063
0.139551 0.457712 0.213115
0.157744 0.475596 0.181818
0.176256 0.489009 0.168406
0.195038 0.511364 0.163935
0.213879 0.538189 0.159464
0.23267 0.596312 0.159464
0.251835 0.663375 0.177347
0.27012 0.730439 0.204173
0.836908 0.328055 0.584203
0.888184 0.332526 0.584203
0.907126 0.372765 0.588674
0.925541 0.435358 0.588674
0.944201 0.502422 0.588674
0.962899 0.556073 0.597616
0.980965 0.596312 0.597616
1 0.614195 0.602086

Points: 0
Width: 6.20661e-36
Duration: 1.4013e-45
Centroid: 0 0

Points: 32
Width: 0.216823
Duration: 436.873
Centroid: 0.508438 0.600156
0 0.695772 0.81864
0.0457084 0.695772 0.822484
0.066202 0.695772 0.83017
0.0854618 0.680399 0.849387
0.10545 0.653495 0.872447
0.12568 0.626591 0.891664
0.145543 0.592001 0.899351
0.164352 0.565097 0.903194
0.18379 0.530507 0.887821
0.203443 0.484386 0.853231
0.222278 0.449796 0.80711
0.242025 0.430579 0.749459
0.261115 0.415205 0.664905
0.280478 0.415205 0.56882
0.300659 0.426735 0.472736
0.320026 0.445952 0.330531
0.339714 0.461326 0.207543
0.359108 0.469013 0.126832
0.378686 0.480543 0.0576508
0.398401 0.480543 0.0269036
0.418399 0.480543 0.00384338
0.438611 0.480543 0
0.494047 0.480543 0.00384338
0.842632 0.319121 0.368964
0.86068 0.322964 0.368964
0.881106 0.334494 0.368964
0.900308 0.365241 0.368964
0.920127 0.419049 0.368964
0.9399 0.480543 0.368964
0.960063 0.515133 0.376651
0.979319 0.549724 0.380495
1 0.557411 0.380495

Points: 14
Width: 0.144524
Duration: 220.17
Centroid: 0.500357 0.46881
0 0.498764 0.798188
0.0356082 0.498764 0.786656
0.0754744 0.498764 0.734761
0.113895 0.498764 0.659802
0.152625 0.498764 0.573311
0.193139 0.498764 0.515651
0.232988 0.492998 0.388797
0.271692 0.492998 0.29654
0.312073 0.498764 0.261944
0.351859 0.50453 0.244646
0.391672 0.516062 0.23888
0.431574 0.521828 0.23888
0.471395 0.533361 0.261944
1 0.44687 1

Points: 28
Width: 0.265417
Duration: 423.523
Centroid: 0.526607 0.602083
0 0.619421 0.706436
0.00775673 0.616282 0.728414
0.0281262 0.606862 0.756672
0.0492889 0.591164 0.784929
0.0694232 0.572326 0.813187
0.0892762 0.562906 0.825745
0.109945 0.559767 0.825745
0.131777 0.556627 0.825745
0.152783 0.550348 0.819466
0.17324 0.531509 0.794348
0.19407 0.500112 0.750392
0.214472 0.471855 0.697017
0.233786 0.459296 0.646782
0.254676 0.440457 0.583987
0.274815 0.443597 0.489796
0.29458 0.449877 0.342229
0.314839 0.456156 0.213501
0.335163 0.459296 0.11303
0.355375 0.468715 0.0439561
0.376247 0.471855 0.0125589
0.39617 0.474994 0
0.850552 0.336847 0.304553
0.897032 0.346266 0.304553
0.917992 0.383943 0.307692
0.938453 0.437318 0.313972
0.95856 0.487553 0.320251
0.979105 0.550348 0.33281
1 0.594304 0.342229

Points: 22
Width: 0.162652
Duration: 403.449
Centroid: 0.524697 0.517348
0 0.526549 1
0.0132258 0.516302 0.948766
0.0331226 0.500931 0.856544
0.0545492 0.475314 0.754076
0.0761064 0.459944 0.600373
0.0979832 0.444574 0.426176
0.119933 0.454821 0.287844
0.141045 0.475314 0.221239
0.162287 0.495808 0.190499
0.184057 0.526549 0.175128
0.205663 0.577783 0.175128
0.227327 0.623894 0.180252
0.249078 0.675128 0.190499
0.270335 0.731486 0.216116
0.872414 0.331858 0.579879
0.87268 0.336982 0.579879
0.893976 0.347229 0.590126
0.914521 0.383093 0.590126
0.935972 0.444574 0.595249
0.95765 0.521425 0.605496
0.979721 0.567536 0.615743
1 0.582906 0.620866

Points: 29
Width: 0.0760344
Duration: 233.744
Centroid: 0.527011 0.444368
0 0.0922147 0.613757
0.00715259 0.125094 0.602797
0.0447454 0.201814 0.580877
0.0825723 0.344293 0.580877
0.117475 0.497733 0.580877
0.156204 0.673092 0.591837
0.192042 0.738852 0.635677
0.228691 0.793651 0.679517
0.266233 0.804611 0.734317
0.303099 0.804611 0.789116
0.338503 0.804611 0.832956
0.375578 0.771731 0.865836
0.414892 0.727892 0.887756
0.449861 0.629252 0.887756
0.486526 0.541573 0.865836
0.523426 0.431973 0.811036
0.55898 0.344293 0.723357
0.595754 0.267574 0.635677
0.631876 0.190854 0.515117
0.66809 0.168934 0.394558
0.704505 0.168934 0.273999
0.740961 0.212774 0.175359
0.777601 0.289494 0.0876795
0.814676 0.366213 0.0219199
0.852052 0.497733 0
0.888583 0.618292 0
0.92677 0.727892 0.0219199
0.963276 0.815571 0.0438397
1 0.848451 0.0657596

Points: 31
Width: 0.0752151
Duration: 249.891
Centroid: 0.522097 0.471882
0 0.220158 0.642602
0.000695617 0.220158 0.598285
0.0350388 0.253396 0.553967
0.0690771 0.319872 0.531809
0.103623 0.397427 0.50965
0.138287 0.486062 0.50965
0.172349 0.574697 0.50965
0.207622 0.674411 0.542888
0.243161 0.718728 0.576126
0.276441 0.763046 0.642602
0.310784 0.774125 0.709078
0.345901 0.774125 0.764475
0.380706 0.763046 0.808792
0.415862 0.718728 0.853109
0.451705 0.663332 0.875268
0.484673 0.530379 0.897426
0.519196 0.397427 0.875268
0.553648 0.286634 0.83095
0.588844 0.220158 0.764475
0.625203 0.164761 0.697999
0.660164 0.142603 0.576126
0.692483 0.142603 0.454253
0.727154 0.197999 0.299142
0.761591 0.253396 0.199428
0.795504 0.342031 0.0997144
0.828902 0.452824 0.033238
0.863526 0.574697 0
0.897393 0.729808 0
0.931423 0.85168 0.0221587
0.965782 0.918156 0.0443173
1 0.973553 0.0775557

Points: 27
Width: 0.0614814
Duration: 219.68
Centroid: 0.493333 0.466852
0 0.201807 1
0.00056901 0.188253 0.945783
0.039235 0.161144 0.769578
0.0774921 0.14759 0.593374
0.116647 0.134036 0.403614
0.156682 0.134036 0.240964
0.196557 0.134036 0.146084
0.234957 0.134036 0.118976
0.28944 0.14759 0.118976
0.329964 0.14759 0.186747
0.368968 0.174699 0.281626
0.40798 0.201807 0.39006
0.447624 0.269578 0.525603
0.488255 0.350903 0.634036
0.526779 0.472891 0.74247
0.565641 0.594879 0.796687
0.60436 0.716867 0.823795
0.643248 0.798192 0.823795
0.682839 0.85241 0.810241
0.722527 0.879518 0.769578
0.762323 0.920181 0.715362
0.803051 0.920181 0.579819
0.841593 0.947289 0.417168
0.88073 0.960843 0.281626
0.920232 0.960843 0.173193
0.960098 0.974398 0.118976
1 0.974398 0.0918673

Points: 0
Width: 6.20661e-36
Duration: 1.4013e-45
Centroid: 0 0

Points: 26
Width: 0.234359
Duration: 429.176
Centroid: 0.581346 0.503974
0 0.447347 1
0.000432333 0.447347 0.992888
0.0199829 0.450903 0.967998
0.0394606 0.450903 0.903993
0.0594435 0.450903 0.786652
0.0790487 0.450903 0.64442
0.0992864 0.465126 0.502188
0.11977 0.475793 0.370624
0.139471 0.479349 0.271061
0.159208 0.486461 0.203501
0.179045 0.500684 0.171499
0.198982 0.514907 0.160832
0.219257 0.536242 0.157276
0.239567 0.582467 0.160832
0.260087 0.625137 0.185722
0.280821 0.674918 0.217724
0.300749 0.710476 0.249727
0.810829 0.35134 0.548414
0.856921 0.358452 0.548414
0.877495 0.383342 0.551969
0.898402 0.404677 0.555525
0.918385 0.450903 0.555525
0.93865 0.50424 0.566193
0.959238 0.568244 0.573304
0.980017 0.610914 0.57686
1 0.618025 0.57686

Points: 15
Width: 0.125444
Duration: 243.854
Centroid: 0.543111 0.462889
0 0.427812 0.767493
0.000696819 0.421169 0.747564
0.0352495 0.414526 0.701063
0.0703788 0.414526 0.627989
0.106173 0.407883 0.528344
0.141238 0.407883 0.448627
0.175414 0.414526 0.382196
0.211921 0.441098 0.329052
0.24862 0.46767 0.309123
0.28262 0.527458 0.30248
0.317702 0.587245 0.30248
0.353191 0.660319 0.315766
0.389162 0.720106 0.342338
0.425613 0.773251 0.395483
1 0.414526 1

Points: 39
Width: 0.0928631
Duration: 337.678
Centroid: 0.553804 0.491111
0 0.210308 0.87989
0.0153276 0.210308 0.799126
0.0407771 0.201334 0.637598
0.0665101 0.174412 0.485044
0.0925843 0.165439 0.305568
0.117727 0.156465 0.179935
0.144264 0.156465 0.117119
0.212429 0.156465 0.126093
0.237867 0.156465 0.224804
0.263067 0.174412 0.341463
0.288604 0.201334 0.47607
0.314458 0.219281 0.556834
0.340018 0.255176 0.646572
0.365097 0.291071 0.709388
0.390171 0.317993 0.727336
0.416771 0.326967 0.727336
0.441619 0.33594 0.718362
0.467375 0.344914 0.664519
0.492108 0.362862 0.574781
0.516765 0.389783 0.494018
0.543244 0.398757 0.458122
0.56793 0.407731 0.440175
0.592662 0.416705 0.440175
0.618152 0.434652 0.449149
0.643035 0.488495 0.502991
0.668519 0.560285 0.583755
0.694623 0.676944 0.664519
0.72057 0.811551 0.718362
0.746349 0.865393 0.736309
0.772145 0.883341 0.736309
0.796068 0.910262 0.727336
0.821593 0.92821 0.664519
0.846198 0.955131 0.583755
0.871873 0.964105 0.458122
0.897924 0.991026 0.323516
0.922992 1 0.21583
0.948609 1 0.14404
0.973608 1 0.135066
1 1 0.126093

Points: 30
Width: 0.0912779
Duration: 245.877
Centroid: 0.531778 0.454611
0 0.307669 0.575167
0.0238146 0.307669 0.556907
0.0588217 0.335058 0.547778
0.0926928 0.408095 0.529518
0.128939 0.481132 0.520389
0.16536 0.599817 0.529518
0.199231 0.718502 0.593426
0.234175 0.76415 0.639074
0.269412 0.800669 0.684722
0.303394 0.809798 0.730371
0.338187 0.809798 0.776019
0.372868 0.800669 0.812537
0.407152 0.77328 0.839926
0.441516 0.727632 0.867315
0.476745 0.636336 0.876444
0.510744 0.545039 0.858185
0.545624 0.426354 0.821667
0.581735 0.325928 0.757759
0.617465 0.234632 0.657334
0.654172 0.198113 0.566037
0.689067 0.198113 0.429093
0.722756 0.198113 0.310408
0.75669 0.198113 0.219111
0.792317 0.216373 0.118685
0.827006 0.28028 0.0639074
0.860925 0.353317 0.0273889
0.895678 0.481132 0
0.930018 0.618076 0
0.964961 0.700243 0.0365185
1 0.745891 0.0547777

Points: 32
Width: 0.076823
Duration: 264.133
Centroid: 0.517917 0.456823
0 0.904068 0.965423
0.0191591 0.89322 0.97627
0.0510959 0.871526 0.987118
0.083883 0.817288 0.997965
0.115908 0.708814 0.997965
0.147816 0.567797 0.987118
0.179812 0.437627 0.965423
0.213641 0.350848 0.943728
0.245903 0.318306 0.922033
0.278365 0.296611 0.889491
0.310953 0.285763 0.846101
0.344428 0.285763 0.737627
0.377185 0.329153 0.650847
0.410756 0.415933 0.564067
0.443026 0.524407 0.520678
0.475606 0.60034 0.488135
0.508385 0.632882 0.46644
0.541542 0.654577 0.455593
0.573531 0.665424 0.423051
0.607567 0.676272 0.347118
0.640162 0.676272 0.271186
0.672055 0.665424 0.173559
0.704975 0.632882 0.097627
0.738191 0.589492 0.0325423
0.771104 0.546102 0.0108474
0.805059 0.47017 0
0.838127 0.361695 0.0108474
0.871166 0.285763 0.0216949
0.902437 0.198984 0.0433898
0.935727 0.133899 0.0650846
0.967671 0.101357 0.0650846
1 0.101357 0.0759321

Points: 0
Width: 6.20661e-36
Duration: 1.4013e-45
Centroid: 0 0

Points: 36
Width: 0.110093
Duration: 324.756
Centroid: 0.531759 0.488009
0 0 0.705845
0.0145241 0 0.592304
0.0402346 0 0.418209
0.0666727 0.00756951 0.198696
0.0933213 0.037847 0.077586
0.119633 0.0529858 0.0321697
0.184267 0.0605551 0.0473085
0.211836 0.0681245 0.138141
0.238106 0.0756939 0.266821
0.264357 0.113541 0.425778
0.29201 0.166527 0.584735
0.3181 0.196804 0.652859
0.344742 0.272498 0.77397
0.369887 0.333053 0.819386
0.396524 0.386039 0.834525
0.422872 0.408747 0.826955
0.448823 0.461732 0.7664
0.474882 0.522288 0.683137
0.501176 0.590412 0.584735
0.526886 0.635828 0.52418
0.553192 0.650967 0.486333
0.579173 0.658536 0.478764
0.640018 0.666106 0.486333
0.667593 0.696383 0.531749
0.693009 0.756938 0.592304
0.719417 0.817494 0.63772
0.746625 0.870479 0.683137
0.773315 0.878049 0.683137
0.812389 0.885618 0.683137
0.839639 0.900757 0.622582
0.866047 0.931034 0.539319
0.8926 0.953742 0.456055
0.919808 0.976451 0.365223
0.94633 0.98402 0.304668
0.972323 0.991589 0.259251
1 0.991589 0.236543

Points: 25
Width: 0.0728666
Duration: 202.283
Centroid: 0.5364 0.492867
0 0.478957 0.914913
0.0185577 0.421775 0.89204
0.0626249 0.318847 0.76624
0.104539 0.204483 0.594693
0.146868 0.135865 0.457457
0.189738 0.112992 0.274474
0.233352 0.112992 0.16011
0.275691 0.158738 0.057182
0.319854 0.250229 0.0114364
0.362 0.398902 0
0.403876 0.536139 0.0114364
0.445606 0.650503 0.0686184
0.489114 0.764867 0.137237
0.531983 0.822049 0.228728
0.575442 0.844922 0.343093
0.61781 0.844922 0.457457
0.659889 0.810613 0.583257
0.702981 0.776304 0.674748
0.746121 0.730558 0.754803
0.789464 0.696249 0.811985
0.830722 0.604758 0.846294
0.873852 0.524703 0.869167
0.914328 0.467521 0.869167
0.956174 0.421775 0.857731
1 0.410339 0.857731

Points: 20
Width: 0.0694166
Duration: 170.949
Centroid: 0.523667 0.50775
0 0.245498 0.792317
0.027866 0.245498 0.672269
0.0778626 0.269508 0.492197
0.127951 0.293517 0.30012
0.179227 0.293517 0.132053
0.230354 0.329532 0.0360144
0.280671 0.353541 0
0.397516 0.353541 0
0.445913 0.365546 0.0840336
0.495933 0.389556 0.240096
0.545506 0.44958 0.408163
0.594898 0.497599 0.576231
0.644917 0.557623 0.660264
0.695565 0.605642 0.720288
0.747446 0.677671 0.780312
0.799214 0.72569 0.804322
0.848274 0.761705 0.816327
0.898419 0.821729 0.828332
0.948941 0.869748 0.828332
1 0.893757 0.828332

Points: 29
Width: 0.0717241
Duration: 239.275
Centroid: 0.545345 0.505057
0 0.276843 0.58093
0.0269123 0.311699 0.569311
0.0632607 0.334936 0.557692
0.0999518 0.404648 0.546074
0.138023 0.544071 0.546074
0.172175 0.660256 0.557692
0.207993 0.764824 0.58093
0.244186 0.811298 0.604167
0.279326 0.822917 0.639022
0.314622 0.834535 0.673878
0.349787 0.834535 0.708734
0.385596 0.822917 0.766827
0.420949 0.776442 0.813302
0.456636 0.706731 0.848157
0.491556 0.613782 0.859776
0.528027 0.509215 0.859776
0.564212 0.393029 0.848157
0.600837 0.276843 0.778445
0.638067 0.207131 0.673878
0.673722 0.160657 0.534455
0.709629 0.13742 0.395032
0.746043 0.13742 0.267228
0.782449 0.172276 0.16266
0.818242 0.21875 0.0929487
0.855578 0.323317 0.0232372
0.891135 0.38141 0.0116186
0.92696 0.532452 0
0.963211 0.718349 0
1 0.811298 0

Points: 0
Width: 6.20661e-36
Duration: 1.4013e-45
Centroid: 0 0

Points: 33
Width: 0.191465
Duration: 278.756
Centroid: 0.541414 0.476465
0 0.35703 0.618042
0.0194573 0.35703 0.557109
0.050013 0.365735 0.461356
0.0811432 0.365735 0.339488
0.112393 0.378792 0.178449
0.14292 0.378792 0.0696385
0.174674 0.383144 0.021762
0.205727 0.383144 0.00435241
0.237131 0.383144 0
0.286695 0.383144 0.0174096
0.318267 0.387497 0.0652861
0.348984 0.396202 0.12622
0.37975 0.404906 0.239383
0.411181 0.426668 0.387365
0.442809 0.452783 0.557109
0.472937 0.491955 0.709443
0.505181 0.522422 0.800844
0.535884 0.557241 0.831311
0.566328 0.579003 0.835663
0.597654 0.600765 0.840015
0.628939 0.60947 0.826958
0.659957 0.626879 0.800844
0.691339 0.648642 0.75732
0.722112 0.661699 0.713795
0.753957 0.666051 0.683329
0.784338 0.666051 0.661566
0.820786 0.652994 0.648509
0.845197 0.635584 0.635452
0.877259 0.605117 0.622395
0.907618 0.579003 0.622395
0.937964 0.544184 0.622395
0.968947 0.531126 0.622395
1 0.518069 0.622395

Points: 23
Width: 0.063913
Duration: 183.242
Centroid: 0.543841 0.53558
0 0.300454 0.847507
0.00923044 0.261338 0.782313
0.0566404 0.209184 0.678005
0.105095 0.170068 0.521542
0.151396 0.15703 0.404195
0.20032 0.183107 0.247732
0.246195 0.248299 0.130385
0.293413 0.326531 0.0391156
0.341185 0.404762 0
0.388531 0.535148 0
0.435174 0.665533 0.0130385
0.483714 0.78288 0.0912698
0.530015 0.861112 0.221655
0.578874 0.900228 0.352041
0.62622 0.913266 0.495465
0.671264 0.900228 0.612812
0.718333 0.87415 0.717121
0.76602 0.78288 0.80839
0.812194 0.613379 0.886622
0.8589 0.496032 0.912699
0.905692 0.391723 0.912699
0.952249 0.287415 0.912699
1 0.235261 0.912699

Points: 25
Width: 0.223067
Duration: 375.496
Centroid: 0.540067 0.550267
0 0.458757 1
0.0124419 0.451285 0.973849
0.0350994 0.443814 0.899133
0.0583603 0.436342 0.798267
0.0812467 0.436342 0.682457
0.104809 0.436342 0.529289
0.127394 0.436342 0.428422
0.150707 0.440078 0.331291
0.173781 0.455021 0.27899
0.196698 0.469964 0.241632
0.219449 0.484907 0.230425
0.243157 0.507322 0.222953
0.265316 0.533473 0.222953
0.288785 0.574567 0.230425
0.312025 0.611925 0.241632
0.334776 0.630604 0.252839
0.356747 0.641811 0.267783
0.809294 0.35789 0.559175
0.862359 0.369097 0.562911
0.886223 0.413927 0.570383
0.908163 0.477436 0.58159
0.931237 0.555888 0.589062
0.954279 0.611925 0.596533
0.977311 0.630604 0.604005
1 0.63434 0.604005

Points: 29
Width: 0.0710345
Duration: 238.207
Centroid: 0.514943 0.479368
0 0.383091 0.586569
0.0254506 0.406553 0.539644
0.0612486 0.430016 0.504449
0.0982765 0.488673 0.492718
0.133714 0.594255 0.480987
0.171152 0.676375 0.492718
0.206163 0.735032 0.539644
0.242239 0.781958 0.598301
0.278792 0.80542 0.668689
0.315525 0.817152 0.750808
0.351995 0.817152 0.821197
0.389006 0.80542 0.879853
0.425428 0.758495 0.903316
0.461127 0.688107 0.915048
0.496646 0.535598 0.903316
0.533461 0.394822 0.844659
0.571473 0.265777 0.774271
0.607829 0.171926 0.68042
0.642298 0.125 0.598301
0.678572 0.113269 0.492718
0.714157 0.113269 0.375404
0.749742 0.125 0.281553
0.785212 0.195388 0.175971
0.820944 0.265777 0.093851
0.856873 0.383091 0.0469255
0.892409 0.523867 0.0117314
0.927764 0.641181 0
0.963677 0.711569 0.0117314
1 0.746764 0.0351941

Points: 25
Width: 0.0660667
Duration: 217.766
Centroid: 0.5056 0.479867
0 0.192735 0.740666
0.00509435 0.167508 0.601917
0.0444321 0.117054 0.450555
0.0846488 0.0918266 0.299193
0.124704 0.0792131 0.236125
0.163809 0.0539861 0.135217
0.204599 0.0539861 0.0847631
0.329608 0.0539861 0.10999
0.370345 0.0665996 0.236125
0.409037 0.0792131 0.387487
0.44868 0.142281 0.53885
0.488771 0.255802 0.702825
0.530423 0.381938 0.854187
0.568164 0.545913 0.917255
0.608668 0.709889 0.929868
0.647844 0.798184 0.917255
0.686715 0.873865 0.866801
0.725551 0.924319 0.803733
0.764799 0.962159 0.702825
0.803849 0.974773 0.589304
0.843008 1 0.450555
0.882148 1 0.32442
0.921325 1 0.248739
0.960501 0.987386 0.198285
1 0.987386 0.173058

Points: 24
Width: 0.179097
Duration: 451.727
Centroid: 0.492986 0.560903
0 0.491663 1
0.000397779 0.48701 0.986041
0.0194566 0.482357 0.948817
0.0380917 0.477704 0.87437
0.0571332 0.477704 0.772004
0.0763823 0.468398 0.627763
0.0960897 0.459093 0.483521
0.114388 0.459093 0.343932
0.134069 0.463746 0.255525
0.153085 0.482357 0.204342
0.171953 0.496316 0.176425
0.190977 0.514928 0.162466
0.210616 0.528887 0.162466
0.23034 0.556805 0.162466
0.248111 0.598682 0.176425
0.267386 0.640558 0.190384
0.823455 0.338115 0.53005
0.885033 0.347421 0.534703
0.90468 0.384645 0.544009
0.923575 0.449787 0.553315
0.942521 0.528887 0.567274
0.962073 0.594029 0.57658
0.981417 0.631252 0.581233
1 0.640558 0.585886

Points: 0
Width: 6.20661e-36
Duration: 1.4013e-45
Centroid: 0 0

Points: 21
Width: 0.156905
Duration: 326.723
Centroid: 0.490238 0.594762
0 0.515174 1
0.01137 0.515174 0.994689
0.0388924 0.509863 0.930956
0.0640356 0.488619 0.824734
0.0898483 0.467375 0.665402
0.116366 0.44613 0.484826
0.142442 0.44613 0.314871
0.168291 0.451441 0.203338
0.194187 0.467375 0.166161
0.220155 0.49393 0.128983
0.245932 0.515174 0.118361
0.271637 0.54173 0.118361
0.297904 0.568285 0.128983
0.324123 0.584218 0.150228
0.82028 0.323976 0.601669
0.868617 0.329287 0.601669
0.89492 0.371775 0.601669
0.920924 0.462064 0.60698
0.946988 0.584218 0.617602
0.97347 0.69044 0.617602
1 0.727618 0.622913

Points: 26
Width: 0.209167
Duration: 224.543
Centroid: 0.500961 0.609167
0 0.350291 1
0.0346363 0.350291 1
0.0726476 0.354275 0.940239
0.110763 0.362243 0.820717
0.148879 0.366227 0.709163
0.18729 0.374196 0.569721
0.226223 0.386148 0.446215
0.26547 0.390132 0.354581
0.302733 0.390132 0.314741
0.342588 0.394116 0.310757
0.382061 0.394116 0.306773
0.462137 0.3981 0.310757
0.502009 0.406068 0.342629
0.539307 0.437941 0.394422
0.577997 0.489734 0.450199
0.617104 0.537542 0.486056
0.655672 0.593319 0.505976
0.693614 0.629176 0.50996
0.733539 0.637144 0.50996
0.77242 0.645112 0.498008
0.810222 0.665032 0.458167
0.847068 0.676985 0.414342
0.886071 0.684953 0.374502
0.924134 0.692921 0.338645
0.962441 0.696905 0.322709
1 0.696905 0.310757

Points: 35
Width: 0.0764762
Duration: 297.766
Centroid: 0.523143 0.526286
0 0.599315 0.742217
0.0154012 0.599315 0.785803
0.0438946 0.599315 0.818493
0.0734376 0.566625 0.872977
0.102154 0.544832 0.905666
0.132025 0.501245 0.92746
0.160335 0.435865 0.938356
0.190022 0.370486 0.92746
0.21786 0.272416 0.89477
0.247271 0.16345 0.785803
0.275857 0.0653799 0.644147
0.30536 0.0108966 0.491594
0.335231 0 0.360834
0.364604 0 0.273661
0.393989 0.0326899 0.230075
0.423125 0.0762766 0.208282
0.452091 0.16345 0.219178
0.479679 0.294209 0.251868
0.509367 0.490348 0.306351
0.53769 0.610212 0.382628
0.565829 0.686488 0.469801
0.594034 0.719178 0.53518
0.622763 0.719178 0.556974
0.651309 0.719178 0.56787
0.680052 0.719178 0.578767
0.738141 0.719178 0.556974
0.767631 0.708281 0.491594
0.796059 0.708281 0.415318
0.824881 0.708281 0.295455
0.853978 0.719178 0.219178
0.883717 0.719178 0.186488
0.913195 0.751868 0.164695
0.94241 0.795454 0.164695
0.971126 0.839041 0.164695
1 0.871731 0.164695

Points: 27
Width: 0.0680864
Duration: 226.98
Centroid: 0.527778 0.505247
0 0.198097 1
0.000894901 0.185857 0.987761
0.0384291 0.173618 0.865367
0.0772884 0.161378 0.657298
0.114891 0.161378 0.363554
0.153149 0.149139 0.167725
0.189254 0.149139 0.06981
0.227787 0.149139 0.0208526
0.31633 0.149139 0.033092
0.35519 0.149139 0.131007
0.39238 0.173618 0.228921
0.43031 0.222575 0.388033
0.468498 0.32049 0.547144
0.507529 0.406165 0.669538
0.545597 0.50408 0.755213
0.58456 0.626474 0.828649
0.622008 0.712149 0.853128
0.660127 0.761106 0.853128
0.698212 0.785585 0.840889
0.737278 0.834542 0.742974
0.775776 0.8835 0.645059
0.814342 0.920218 0.498187
0.850328 0.944696 0.388033
0.886709 0.944696 0.302358
0.924932 0.944696 0.241161
0.961554 0.944696 0.216682
1 0.944696 0.204443

Points: 0
Width: 6.20661e-36
Duration: 1.4013e-45
Centroid: 0 0

Points: 30
Width: 0.0756667
Duration: 245.223
Centroid: 0.501778 0.512333
0 0.124816 0.561674
0.0158816 0.146842 0.550661
0.0512767 0.168869 0.528634
0.0860666 0.256975 0.506608
0.120984 0.367107 0.495595
0.156251 0.543318 0.495595
0.192459 0.708517 0.495595
0.227631 0.818649 0.539647
0.263711 0.873715 0.605727
0.298358 0.906754 0.693832
0.333498 0.906754 0.803965
0.367619 0.895741 0.859031
0.401851 0.851688 0.903084
0.438186 0.796622 0.914097
0.471813 0.708517 0.914097
0.508371 0.598384 0.870044
0.542651 0.422173 0.770925
0.577616 0.323054 0.704846
0.613107 0.245962 0.61674
0.64882 0.179882 0.539647
0.68361 0.157856 0.473568
0.720057 0.146842 0.374449
0.754783 0.157856 0.275331
0.789525 0.212922 0.198238
0.825876 0.290014 0.0991189
0.861303 0.37812 0.0330396
0.89493 0.477239 0
0.930835 0.631424 0.0110132
0.965306 0.796622 0.0660792
1 0.906754 0.0991189

Points: 47
Width: 0.197411
Duration: 409.133
Centroid: 0.568759 0.465745
0 0.465152 0.721843
0.00267334 0.465152 0.738728
0.0236399 0.465152 0.768278
0.0448261 0.456709 0.793606
0.0661651 0.435603 0.814712
0.0866734 0.401832 0.831597
0.108347 0.368062 0.84004
0.129179 0.346955 0.835819
0.150108 0.321627 0.810491
0.170845 0.287857 0.780941
0.192394 0.258308 0.730286
0.212826 0.241423 0.675409
0.23407 0.237201 0.633196
0.255638 0.241423 0.612089
0.27648 0.258308 0.599425
0.297466 0.317406 0.595204
0.3187 0.376504 0.599425
0.340096 0.439824 0.616311
0.361263 0.477816 0.633196
0.382765 0.511586 0.662745
0.403617 0.520029 0.696515
0.424717 0.52425 0.713401
0.446123 0.52425 0.721843
0.466669 0.52425 0.726065
0.537303 0.520029 0.721843
0.558747 0.515807 0.700737
0.579369 0.498922 0.662745
0.60026 0.486258 0.607868
0.621732 0.469373 0.540327
0.643205 0.444045 0.464344
0.664057 0.42716 0.384139
0.685797 0.418718 0.303934
0.706191 0.414496 0.219508
0.727262 0.422939 0.139303
0.74841 0.439824 0.0802049
0.76995 0.469373 0.0337706
0.791308 0.498922 0.0168852
0.812866 0.570685 0
0.833461 0.688881 0
0.854819 0.752201 0.0126639
0.875957 0.828184 0.0506558
0.89615 0.857733 0.0844262
0.91748 0.870397 0.156188
0.937673 0.866176 0.244836
0.958286 0.861954 0.295491
0.979062 0.857733 0.312377
1 0.853512 0.316598

Points: 29
Width: 0.0667241
Duration: 244.648
Centroid: 0.502414 0.506609
0 0.244617 1
0.000510937 0.232128 0.962532
0.0345681 0.232128 0.875108
0.0693917 0.219639 0.737726
0.104966 0.19466 0.537898
0.138975 0.207149 0.388028
0.17316 0.219639 0.288114
0.209532 0.269595 0.225668
0.246176 0.307063 0.213178
0.280792 0.369509 0.213178
0.31627 0.394488 0.275625
0.349401 0.444445 0.35056
0.384911 0.494402 0.450474
0.420869 0.544359 0.562877
0.455453 0.581826 0.637812
0.490021 0.594315 0.700258
0.524621 0.594315 0.750215
0.558694 0.606805 0.787683
0.593214 0.606805 0.800172
0.68373 0.606805 0.775194
0.720374 0.606805 0.700258
0.754782 0.606805 0.562877
0.789478 0.619294 0.450474
0.826585 0.669251 0.325581
0.86053 0.706719 0.275625
0.89612 0.794143 0.1882
0.931231 0.831611 0.163221
0.965943 0.8441 0.150732
1 0.85659 0.150732

Points: 33
Width: 0.0660101
Duration: 304.852
Centroid: 0.523384 0.515657
0 0.752104 0.911629
0.0258066 0.73948 0.949502
0.0546244 0.714231 0.974751
0.0827503 0.663734 0.987376
0.110043 0.613237 1
0.138515 0.512241 1
0.167256 0.44912 1
0.196458 0.335501 0.949502
0.225186 0.234506 0.835883
0.253159 0.146136 0.633894
0.281284 0.0956385 0.444529
0.310166 0.0830141 0.280412
0.338856 0.0830141 0.166794
0.366802 0.120887 0.103671
0.396094 0.171384 0.0910471
0.4234 0.259755 0.0910471
0.451436 0.335501 0.154169
0.480229 0.423871 0.229915
0.508854 0.499617 0.343534
0.537454 0.550114 0.431904
0.564722 0.550114 0.495026
0.592553 0.562739 0.558148
0.619513 0.562739 0.596021
0.648164 0.575364 0.608645
0.774006 0.575364 0.596021
0.802619 0.575364 0.50765
0.830937 0.600612 0.394031
0.85923 0.65111 0.280412
0.887471 0.714231 0.217291
0.916673 0.789977 0.166794
0.944081 0.82785 0.166794
0.971874 0.853099 0.166794
1 0.878347 0.166794

Points: 17
Width: 0.185196
Duration: 132.898
Centroid: 0.516667 0.603137
0 0.477501 1
0.0284816 0.477501 0.991001
0.0952031 0.477501 0.955003
0.159544 0.468502 0.896506
0.224178 0.464002 0.820011
0.287167 0.459502 0.694018
0.352625 0.450503 0.559026
0.419405 0.450503 0.415035
0.485304 0.459502 0.338539
0.54938 0.477501 0.275543
0.613956 0.486501 0.248545
0.676797 0.508999 0.221546
0.742696 0.522499 0.217047
0.809564 0.549497 0.217047
0.873111 0.567496 0.217047
0.938422 0.589995 0.217047
1 0.612493 0.217047

Points: 0
Width: 6.20661e-36
Duration: 1.4013e-45
Centroid: 0 0

Points: 32
Width: 0.0526563
Duration: 284.562
Centroid: 0.495625 0.535677
0 0.620672 0.920871
0.0114759 0.604846 0.952522
0.0411954 0.573194 0.984174
0.0722463 0.525716 1
0.102789 0.446587 1
0.133058 0.335805 0.952522
0.161761 0.225024 0.873392
0.190479 0.130069 0.778437
0.221118 0.0667651 0.636004
0.25199 0.0192874 0.509396
0.281943 0.0192874 0.335312
0.311663 0.0509392 0.177053
0.341478 0.082591 0.113749
0.371911 0.130069 0.0979233
0.401905 0.256676 0.0979233
0.431446 0.414935 0.129575
0.462168 0.50989 0.240356
0.493631 0.58902 0.351137
0.523254 0.636498 0.461919
0.553399 0.668149 0.5727
0.583736 0.683975 0.683482
0.61395 0.683975 0.730959
0.645165 0.683975 0.746785
0.75814 0.683975 0.730959
0.788601 0.683975 0.636004
0.818526 0.683975 0.509396
0.848671 0.699801 0.335312
0.877993 0.731453 0.208705
0.909043 0.810582 0.113749
0.939436 0.889712 0.0504456
0.969018 0.921364 0.0346198
1 0.93719 0.0346198

Points: 41
Width: 0.0969512
Duration: 356.965
Centroid: 0.466382 0.526342
