Points: 25
Width: 0.05175
Duration: 265.96
Centroid: 0.0461 0.91825
0 0.477295 0.927536
0.0145221 0.477295 0.975845
0.0301164 0.477295 1
0.0633649 0.477295 1
0.0934924 0.477295 1
0.124376 0.477295 0.963768
0.156782 0.477295 0.830917
0.187827 0.477295 0.637681
0.217929 0.477295 0.420289
0.250588 0.489372 0.323671
0.280604 0.525604 0.10628
0.313856 0.549758 0.0700478
0.342607 0.646377 0.0579708
0.372905 0.779227 0.094203
0.406109 0.839614 0.142512
0.437845 0.9 0.178744
0.796061 0.296135 0.396135
0.813447 0.271981 0.37198
0.82576 0.259903 0.37198
0.848445 0.259903 0.37198
0.876896 0.284058 0.37198
0.906548 0.32029 0.396135
0.937689 0.501449 0.456521
0.968633 0.573913 0.492754
1 0.706763 0.541063

Points: 17
Width: 0.0232352
Duration: 125.391
Centroid: 0.184779 0.900735
0 0.450949 0.672471
0.0306425 0.397152 0.753168
0.0785202 0.370253 0.753168
0.138672 0.343354 0.780066
0.202699 0.316455 0.780066
0.269054 0.20886 0.564876
0.335868 0.181961 0.430381
0.405175 0.181961 0.161393
0.46882 0.316455 0.0268982
0.530946 0.531646 0
0.603466 0.639241 0.0537976
0.669159 0.881331 0.268988
0.733127 0.962027 0.484179
0.801912 0.881331 0.672471
0.865853 0.773736 0.699369
0.936363 0.558545 0.726269
1 0.504747 0.672471

Points: 23
Width: 0.0228261
Duration: 172.279
Centroid: 0.310924 0.890272
0 0.507143 0.494048
0.0340223 0.561905 0.603571
0.0571612 0.589286 0.630953
0.0923257 0.589286 0.713095
0.124194 0.589286 0.767858
0.177903 0.589286 0.795238
0.224022 0.561905 0.85
0.269461 0.452381 0.904761
0.32194 0.315477 0.822618
0.367531 0.151191 0.603571
0.418024 0.0964289 0.466667
0.467997 0.069048 0.275001
0.515771 0.178572 0.192859
0.562704 0.260715 0.192859
0.607255 0.534524 0.329762
0.658351 0.589286 0.411906
0.708387 0.616667 0.548809
0.75446 0.616667 0.576191
0.803108 0.589286 0.576191
0.854243 0.589286 0.384524
0.902128 0.644048 0.192859
0.947212 0.808333 0.0833353
1 1 0.0833353

Points: 21
Width: 0.0345238
Duration: 154.782
Centroid: 0.44 0.907024
0 0.644827 0.778447
0.0372594 0.662931 0.796551
0.0632662 0.644827 0.814654
0.0895569 0.590517 0.832758
0.137854 0.572414 0.832758
0.191852 0.536207 0.832758
0.244131 0.427586 0.814654
0.296381 0.318966 0.724137
0.354934 0.246552 0.63362
0.408983 0.228448 0.57931
0.462974 0.228448 0.561206
0.531625 0.427586 0.506896
0.56843 0.518103 0.470689
0.626277 0.699138 0.416379
0.676171 0.753448 0.380172
0.731008 0.789655 0.289655
0.788283 0.735345 0.162931
0.839779 0.55431 0.0543107
0.89184 0.44569 0.018103
0.944851 0.264656 0
1 0.210345 0

Points: 24
Width: 0.0392708
Duration: 239.957
Centroid: 0.546823 0.916979
0 0.651856 0.96817
0.0260301 0.635941 1
0.040789 0.620026 1
0.0599717 0.604111 1
0.0953621 0.604111 0.96817
0.130852 0.588195 0.904509
0.163111 0.54045 0.602122
0.199615 0.54045 0.490716
0.234779 0.524535 0.299734
0.267811 0.572281 0.156498
0.303458 0.604111 0.124668
0.337945 0.715517 0.0610074
0.374054 0.747347 0.0610074
0.406844 0.779177 0.0769228
0.724153 0.253978 0.442971
0.748718 0.190317 0.427055
0.765312 0.158487 0.41114
0.788213 0.158487 0.41114
0.823909 0.158487 0.41114
0.858365 0.174403 0.41114
0.893731 0.333554 0.41114
0.928609 0.429044 0.427055
0.964577 0.651856 0.458885
1 0.763262 0.474801

Points: 20
Width: 0.0238125
Duration: 143.849
Centroid: 0.673687 0.897937
0 0.396326 0.648294
0.0396399 0.29134 0.622048
0.0722806 0.29134 0.595802
0.0951996 0.29134 0.595802
0.136299 0.317587 0.569554
0.190168 0.396326 0.569554
0.249584 0.475067 0.543307
0.304193 0.737533 0.569554
0.363086 0.790027 0.622048
0.426127 0.868767 0.727034
0.480187 0.816274 0.832021
0.535298 0.658793 0.884514
0.594972 0.52756 0.858268
0.653818 0.29134 0.648294
0.711421 0.13386 0.385827
0.768243 0.13386 0.175854
0.827014 0.343833 0.0446211
0.887598 0.475067 0.0183739
0.942539 0.763779 0.0183739
1 1 0.0708672

Points: 18
Width: 0.0334722
Duration: 128.816
Centroid: 0.801528 0.901805
0 0.383818 0.659753
0.0611563 0.346474 0.622407
0.107439 0.346474 0.566391
0.138581 0.346474 0.491703
0.169141 0.346474 0.398341
0.223087 0.346474 0.323653
0.284805 0.346474 0.248964
0.352587 0.383818 0.174275
0.418618 0.402491 0.155603
0.480919 0.402491 0.21162
0.5456 0.421162 0.286308
0.613913 0.439835 0.491703
0.678056 0.495851 0.659753
0.740107 0.589212 0.734441
0.802104 0.719918 0.753113
0.872487 0.775934 0.753113
0.935743 0.90664 0.753113
1 1 0.715769

Points: 0
Width: 6.92241e-43
Duration: 0
Centroid: 0 0

Points: 25
Width: 0.02505
Duration: 187.507
Centroid: 0.06285 0.72505
0 0.642714 0.798402
0.0203482 0.592814 0.748502
0.0519825 0.567864 0.748502
0.0734557 0.542914 0.748502
0.109001 0.517964 0.773452
0.15138 0.468064 0.823353
0.203909 0.443114 0.848302
0.24497 0.368264 0.873252
0.287328 0.268463 0.798402
0.333259 0.193613 0.698602
0.37408 0.0938131 0.399202
0.419479 0.0688631 0.124751
0.466238 0.143713 0
0.507914 0.293414 0
0.554308 0.368264 0.0499001
0.598233 0.517964 0.274451
0.6408 0.592814 0.499002
0.685522 0.617764 0.573851
0.732031 0.617764 0.648701
0.777998 0.642714 0.623751
0.820855 0.667664 0.474051
0.863854 0.717564 0.324351
0.908498 0.767465 0.2495
0.952642 0.842315 0.199601
1 0.942115 0.199601

Points: 19
Width: 0.0309868
Duration: 141.664
Centroid: 0.192763 0.735132
0 0.314225 0.679404
0.027188 0.273885 0.699574
0.069459 0.253716 0.659234
0.114046 0.213376 0.618894
0.171841 0.213376 0.558384
0.231608 0.213376 0.477705
0.29243 0.213376 0.316346
0.353258 0.213376 0.296176
0.40882 0.233546 0.316346
0.469489 0.273885 0.376855
0.526126 0.374735 0.538215
0.585135 0.536093 0.679404
0.644895 0.677282 0.739913
0.701091 0.798302 0.679404
0.765586 0.838641 0.618894
0.822499 0.919321 0.477705
0.882093 0.95966 0.316346
0.935559 0.97983 0.255837
1 1 0.195328

Points: 28
Width: 0.0468302
Duration: 211.369
Centroid: 0.320982 0.73942
0 0.516206 0.399426
0.0179124 0.529552 0.426118
0.0369337 0.529552 0.466157
0.0653847 0.516206 0.492848
0.0942885 0.516206 0.532887
0.133112 0.50286 0.559579
0.176551 0.489514 0.586271
0.214829 0.436129 0.612963
0.252289 0.369399 0.546233
0.289953 0.302668 0.412772
0.330624 0.289322 0.332695
0.371333 0.302668 0.239273
0.409246 0.369399 0.199234
0.446914 0.409437 0.21258
0.488657 0.489514 0.292657
0.527153 0.529552 0.439464
0.565232 0.542898 0.666348
0.605317 0.542898 0.893231
0.644912 0.529552 1
0.68519 0.529552 1
0.724647 0.529552 0.959962
0.761982 0.529552 0.813155
0.80367 0.542898 0.706386
0.841921 0.582936 0.38608
0.883207 0.609629 0.306003
0.923227 0.636321 0.199234
0.960599 0.663013 0.159196
1 0.663013 0.159196

Points: 0
Width: 6.92241e-43
Duration: 0
Centroid: 0 0

Points: 14
Width: 0.0416965
Duration: 95.7861
Centroid: 0.566071 0.749196
0 0.487152 0.734475
0.0616608 0.487152 0.809421
0.104073 0.487152 0.8394
0.144568 0.487152 0.854389
0.213244 0.487152 0.854389
0.304063 0.487152 0.854389
0.390274 0.487152 0.809421
0.473875 0.487152 0.539614
0.557996 0.472163 0.329764
0.654076 0.472163 0.239828
0.736208 0.472163 0.104925
0.822531 0.502141 0.0299792
0.903298 0.577087 0
1 0.607066 0

Points: 23
Width: 0.0304348
Duration: 168.482
Centroid: 0.679565 0.727011
0 0.342858 0.610714
0.0344818 0.301786 0.590178
0.0589882 0.260715 0.590178
0.0818717 0.260715 0.590178
0.117547 0.260715 0.590178
0.158005 0.28125 0.590178
0.205697 0.322322 0.569643
0.256976 0.486607 0.569643
0.308075 0.548215 0.569643
0.355796 0.650894 0.631251
0.406194 0.691965 0.692857
0.45683 0.691965 0.73393
0.507906 0.630358 0.754465
0.557093 0.507143 0.73393
0.601202 0.383929 0.590178
0.652609 0.322322 0.446429
0.701801 0.322322 0.364286
0.752466 0.363393 0.261607
0.803635 0.486607 0.220537
0.851176 0.671429 0.200001
0.903667 0.774108 0.200001
0.951242 0.938393 0.200001
1 1 0.200001

Points: 23
Width: 0.0224456
Duration: 171.327
Centroid: 0.802554 0.723207
0 0.526632 0.651333
0.0267158 0.526632 0.707022
0.0574559 0.526632 0.762713
0.0810196 0.526632 0.818404
0.125645 0.498788 0.874094
0.171877 0.470942 0.929784
0.22198 0.415252 0.957628
0.272266 0.303871 0.929784
0.320476 0.1368 0.734868
0.366845 0.02542 0.400726
0.412001 0.02542 0.177965
0.463494 0.108956 0.122275
0.513911 0.359561 0.122275
0.557379 0.554478 0.289346
0.612298 0.610168 0.37288
0.658896 0.638013 0.539952
0.706793 0.638013 0.567797
0.75897 0.582322 0.539952
0.805197 0.610168 0.37288
0.853995 0.665859 0.317191
0.901841 0.805085 0.177965
0.950285 0.94431 0.0665845
1 1 0.0665845

Points: 29
Width: 0.0456034
Duration: 223.781
Centroid: 0.944267 0.731897
0 0.562854 0.355859
0.0171284 0.590264 0.355859
0.0439184 0.590264 0.383269
0.0710882 0.590264 0.410679
0.108417 0.576559 0.43809
0.146401 0.576559 0.4655
0.181962 0.535444 0.575141
0.219946 0.466919 0.616256
0.255961 0.384687 0.616256
0.293726 0.329867 0.575141
0.332081 0.220226 0.451794
0.36797 0.165406 0.314744
0.404845 0.179111 0.273628
0.443845 0.261342 0.232513
0.481043 0.384687 0.259924
0.516954 0.494329 0.355859
0.553807 0.590264 0.506615
0.591136 0.617674 0.602552
0.629394 0.63138 0.821833
0.666675 0.63138 0.958884
0.70177 0.617674 1
0.741778 0.60397 1
0.779138 0.562854 0.917769
0.815834 0.521739 0.712192
0.851566 0.508034 0.49291
0.887057 0.521739 0.314744
0.926726 0.549149 0.246218
0.965185 0.60397 0.136577
1 0.63138 0.109166

Points: 21
Width: 0.0354167
Duration: 157.343
Centroid: 0.0570833 0.561012
0 0.329412 0.591596
0.0243423 0.347059 0.538656
0.0496155 0.364706 0.521008
0.0981138 0.4 0.503361
0.153923 0.452941 0.503361
0.210286 0.541176 0.521008
0.257704 0.629412 0.591596
0.314736 0.682353 0.697479
0.364575 0.682353 0.785714
0.417474 0.647059 0.821009
0.470292 0.558824 0.856303
0.522378 0.452941 0.838656
0.573899 0.329412 0.697479
0.626934 0.258823 0.503361
0.679914 0.241176 0.397479
0.737591 0.241176 0.221008
0.788405 0.364706 0.132773
0.841341 0.452941 0.132773
0.893588 0.664706 0.15042
0.950068 0.858824 0.221008
1 1 0.273949

Points: 18
Width: 0.0355556
Duration: 128.641
Centroid: 0.0406944 0.89875
0 0.349609 0.693358
0.0274657 0.349609 0.658201
0.0748968 0.349609 0.605467
0.105938 0.349609 0.552733
0.160839 0.367188 0.464842
0.219278 0.384766 0.376951
0.287274 0.419922 0.236326
0.351353 0.455078 0.148435
0.413041 0.455078 0.130857
0.480164 0.455078 0.183592
0.544964 0.455078 0.271482
0.609043 0.455078 0.499998
0.678474 0.472656 0.675779
0.739729 0.542969 0.746092
0.804149 0.578125 0.746092
0.873558 0.701172 0.710936
0.935822 0.859375 0.658201
1 1 0.640623

Points: 0
Width: 6.92241e-43
Duration: 0
Centroid: 0 0

Points: 18
Width: 0.0240278
Duration: 132.253
Centroid: 0.308125 0.886528
0 0.382947 0.572253
0.0282514 0.408959 0.702311
0.0742393 0.408959 0.728322
0.119622 0.408959 0.754334
0.184638 0.382947 0.754334
0.247078 0.278901 0.52023
0.311666 0.252889 0.390173
0.37672 0.252889 0.130057
0.436855 0.382947 0
0.499265 0.460982 0
0.561136 0.669074 0.052023
0.620622 0.825143 0.260115
0.682087 0.851154 0.494219
0.746365 0.799131 0.676299
0.814047 0.747108 0.754334
0.879249 0.565028 0.754334
0.94154 0.460982 0.754334
1 0.460982 0.702311

Points: 29
Width: 0.0467242
Duration: 271.085
Centroid: 0.428276 0.922974
0 0.759225 0.749076
0.0215245 0.759225 0.789205
0.036334 0.745848 0.829335
0.0511256 0.732472 0.856087
0.0762236 0.719096 0.896216
0.108455 0.692343 0.922969
0.140195 0.652214 0.976474
0.171854 0.585332 0.989851
0.201141 0.51845 0.949721
0.230782 0.438192 0.829335
0.262685 0.411439 0.749076
0.294865 0.37131 0.58856
0.322597 0.37131 0.428043
0.354125 0.424816 0.29428
0.384256 0.451569 0.240774
0.417218 0.505074 0.133764
0.448127 0.558579 0.0401287
0.477162 0.571956 0
0.730874 0.264299 0.280904
0.754099 0.22417 0.280904
0.766426 0.210794 0.280904
0.784125 0.210794 0.280904
0.813993 0.210794 0.280904
0.845431 0.22417 0.280904
0.876534 0.344557 0.280904
0.906488 0.411439 0.280904
0.939782 0.571956 0.307656
0.968457 0.732472 0.334409
1 0.826107 0.347785

Points: 0
Width: 6.92241e-43
Duration: 0
Centroid: 0 0

Points: 23
Width: 0.0244565
Duration: 175.851
Centroid: 0.680543 0.896141
0 0.565555 0.604445
0.021958 0.591111 0.681111
0.0545007 0.591111 0.732223
0.102715 0.565555 0.808889
0.14772 0.514444 0.885557
0.197133 0.463333 0.962223
0.244104 0.437778 0.962223
0.290808 0.335556 0.911112
0.338006 0.156666 0.706667
0.385442 0.00333283 0.425555
0.433896 0.00333283 0.221111
0.4791 0.0544439 0.17
0.529691 0.258888 0.17
0.577133 0.463333 0.297778
0.621899 0.591111 0.476667
0.667709 0.642222 0.527778
0.718628 0.642222 0.578889
0.765204 0.642222 0.553334
0.812124 0.642222 0.374444
0.856168 0.642222 0.272222
0.907531 0.770001 0.118889
0.954529 0.923334 0.0422215
1 1 0.0166666

Points: 0
Width: 6.92241e-43
Duration: 0
Centroid: 0 0

Points: 33
Width: 0.06375
Duration: 255.094
Centroid: 0.938182 0.8775
0 0.553475 0.607843
0.0153513 0.563279 0.647059
0.0385352 0.563279 0.656863
0.0543535 0.563279 0.676471
0.0884747 0.563279 0.686275
0.120965 0.563279 0.705882
0.151224 0.533867 0.754902
0.184621 0.514259 0.764706
0.219106 0.465239 0.77451
0.248201 0.426024 0.754902
0.282081 0.377004 0.696079
0.31425 0.3672 0.656863
0.34919 0.357397 0.578431
0.381883 0.386808 0.539216
0.4129 0.455436 0.539216
0.44753 0.484847 0.558824
0.48069 0.543671 0.598039
0.513116 0.563279 0.637255
0.543876 0.563279 0.647059
0.574467 0.563279 0.647059
0.609802 0.563279 0.647059
0.642334 0.563279 0.607843
0.673737 0.573083 0.529412
0.70663 0.582887 0.490196
0.738301 0.602495 0.392157
0.77277 0.612298 0.284314
0.804376 0.612298 0.186274
0.835427 0.582887 0.107843
0.8701 0.553475 0.0686272
0.902805 0.465239 0.00980368
0.935337 0.347592 0
0.965626 0.249553 0.0196074
1 0.220141 0.0294115

Points: 17
Width: 0.0332353
Duration: 126.386
Centroid: 0.0505147 0.723529
0 0.39823 0.50332
0.0308301 0.36062 0.54093
0.0780874 0.341814 0.54093
0.141517 0.341814 0.54093
0.206253 0.341814 0.50332
0.274782 0.36062 0.409293
0.335793 0.39823 0.277656
0.405659 0.417035 0.202435
0.473091 0.417035 0.202435
0.53642 0.417035 0.277656
0.603358 0.417035 0.352877
0.665551 0.435841 0.54093
0.733455 0.529867 0.710178
0.800563 0.661504 0.747789
0.863923 0.793142 0.747789
0.931787 0.868363 0.728983
1 1 0.672568

Points: 17
Width: 0.03
Duration: 120.199
Centroid: 0.183162 0.73375
0 0.488971 0.729167
0.0483816 0.42647 0.75
0.0814241 0.36397 0.729167
0.115043 0.322304 0.666667
0.170201 0.280637 0.5625
0.234003 0.259804 0.312499
0.307936 0.259804 0.1875
0.374468 0.322304 0.0208338
0.443616 0.468137 0
0.515047 0.572304 0.0624995
0.586608 0.759804 0.25
0.652839 0.843138 0.458333
0.720378 0.822304 0.645834
0.792483 0.697304 0.770834
0.865084 0.613971 0.8125
0.930909 0.509804 0.791668
1 0.488971 0.75

Points: 20
Width: 0.03275
Duration: 143.551
Centroid: 0.30225 0.721938
0 0.160305 0.699427
0.0275926 0.179389 0.718511
0.0560015 0.160305 0.718511
0.0972135 0.160305 0.718511
0.128194 0.160305 0.661258
0.187393 0.160305 0.604007
0.24617 0.198473 0.394084
0.302444 0.255725 0.241412
0.360921 0.293892 0.203244
0.418338 0.408396 0.203244
0.475904 0.561068 0.336832
0.536368 0.694656 0.546755
0.590533 0.732824 0.623091
0.653133 0.770992 0.737595
0.711992 0.770992 0.737595
0.766497 0.790076 0.604007
0.827574 0.790076 0.508587
0.885888 0.847328 0.317748
0.944488 0.90458 0.222328
1 1 0.203244

Points: 25
Width: 0.0413
Duration: 186.502
Centroid: 0.43395 0.6887
0 0.421912 0.470338
0.0204945 0.421912 0.349273
0.0419211 0.421912 0.273607
0.0741866 0.421912 0.213074
0.103583 0.437046 0.137409
0.149965 0.437046 0.0920091
0.196651 0.452179 0.0314764
0.241023 0.467312 0.0163437
0.281991 0.467312 0.0768763
0.328624 0.452179 0.228208
0.374703 0.437046 0.349273
0.421525 0.406779 0.621671
0.462535 0.406779 0.833535
0.507273 0.421912 0.9092
0.552786 0.467312 0.984866
0.597514 0.527845 1
0.639749 0.633777 0.939467
0.686069 0.724576 0.818402
0.731969 0.769975 0.757869
0.778048 0.785109 0.651936
0.822451 0.739709 0.576271
0.865073 0.588377 0.530871
0.911581 0.512711 0.530871
0.957608 0.36138 0.546005
1 0.31598 0.561138

Points: 0
Width: 6.92241e-43
Duration: 0
Centroid: 0 0

Points: 22
Width: 0.0307388
Duration: 166.342
Centroid: 0.687159 0.731989
0 0.566544 0.630312
0.0354597 0.566544 0.670978
0.0594244 0.546211 0.69131
0.0964575 0.505546 0.711643
0.147945 0.485213 0.731976
0.197389 0.444547 0.752308
0.249134 0.363217 0.752308
0.296265 0.30222 0.731976
0.347353 0.241221 0.69131
0.400683 0.119226 0.548982
0.450503 0.0582283 0.345655
0.498115 0.0785605 0.162662
0.54507 0.220889 0.0203331
0.601383 0.342885 0
0.649465 0.607209 0.0406662
0.697359 0.830867 0.162662
0.748435 0.912198 0.243992
0.797328 0.932531 0.487984
0.850271 0.891866 0.569315
0.901535 0.729205 0.670978
0.949394 0.627541 0.69131
1 0.627541 0.69131

Points: 29
Width: 0.0474138
Duration: 255.934
Centroid: 0.799871 0.753664
0 0.738636 0.738181
0.0150643 0.764999 0.777726
0.0306781 0.764999 0.80409
0.0563882 0.764999 0.830454
0.0884324 0.751818 0.856818
0.124811 0.751818 0.883181
0.154993 0.699091 0.962272
0.187419 0.646363 0.975454
0.219898 0.567272 0.962272
0.252125 0.527727 0.922726
0.284688 0.435454 0.80409
0.315252 0.395909 0.645908
0.349372 0.382727 0.474545
0.38295 0.382727 0.395454
0.416276 0.422273 0.250454
0.447328 0.461818 0.131818
0.480273 0.488181 0.0922729
0.514454 0.501363 0.0263636
0.546765 0.501363 0
0.750095 0.250909 0.263636
0.773318 0.224545 0.276817
0.788733 0.224545 0.276817
0.806873 0.211363 0.276817
0.838444 0.224545 0.276817
0.870686 0.250909 0.276817
0.903997 0.40909 0.316364
0.936591 0.488181 0.316364
0.969024 0.606818 0.342727
1 0.659545 0.342727

Points: 0
Width: 6.92241e-43
Duration: 0
Centroid: 0 0

Points: 29
Width: 0.0284052
Duration: 219.643
Centroid: 0.0712931 0.564655
0 0.56525 0.682094
0.0171088 0.587253 0.660091
0.0352401 0.587253 0.638088
0.0625928 0.587253 0.638088
0.0876157 0.587253 0.638088
0.126333 0.587253 0.638088
0.168793 0.543247 0.704096
0.201615 0.477238 0.792109
0.23898 0.389226 0.858119
0.278453 0.279211 0.880121
0.317348 0.213202 0.880121
0.355256 0.12519 0.770107
0.394595 0.0811838 0.528072
0.429133 0.0591808 0.374052
0.468028 0.0591808 0.110016
0.505811 0.12519 0
0.541834 0.279211 0.0220035
0.581138 0.433232 0.198028
0.618921 0.499241 0.330046
0.65923 0.587253 0.550076
0.697058 0.609256 0.660091
0.733631 0.631259 0.682094
0.771353 0.653262 0.594082
0.810336 0.675265 0.50607
0.847853 0.741274 0.352048
0.884053 0.807283 0.242034
0.922637 0.85129 0.220031
0.962279 0.917299 0.176024
1 0.961305 0.176024

Points: 28
Width: 0.0540625
Duration: 215.635
Centroid: 0.174643 0.524063
0 0.45706 0.67052
0.0174992 0.433939 0.67052
0.0452516 0.410818 0.67052
0.0711924 0.410818 0.658959
0.112142 0.410818 0.624277
0.153127 0.410818 0.578034
0.188714 0.468621 0.33526
0.224745 0.480182 0.17341
0.265015 0.491742 0.0578031
0.302414 0.491742 0.0231213
0.343245 0.491742 0
0.383416 0.491742 0.0462427
0.418668 0.45706 0.184971
0.458168 0.433939 0.289017
0.498963 0.422378 0.531792
0.536199 0.422378 0.728323
0.573126 0.4455 0.832369
0.611811 0.491742 0.867051
0.652724 0.526424 0.867051
0.691191 0.607349 0.797687
0.72802 0.676713 0.69364
0.768996 0.699835 0.647398
0.80779 0.711395 0.578034
0.845233 0.676713 0.520231
0.883411 0.584228 0.497109
0.919596 0.491742 0.485549
0.96136 0.45706 0.485549
1 0.4455 0.485549

Points: 28
Width: 0.0425001
Duration: 215.207
Centroid: 0.302009 0.5225
0 0.388131 0.720586
0.0177427 0.388131 0.661762
0.0456138 0.388131 0.617645
0.0712885 0.388131 0.544116
0.10996 0.402836 0.455881
0.148277 0.417542 0.367646
0.186721 0.491072 0.117647
0.224929 0.505777 0.0588233
0.263001 0.520483 0
0.304013 0.520483 0
0.344209 0.505777 0.0588233
0.380856 0.446954 0.249999
0.419944 0.417542 0.382351
0.457517 0.402836 0.661762
0.496215 0.402836 0.867644
0.532445 0.46166 0.955879
0.573113 0.535189 0.985291
0.612737 0.579307 0.970585
0.652143 0.682247 0.867644
0.691277 0.741071 0.735292
0.728595 0.770482 0.676468
0.767203 0.770482 0.514704
0.807208 0.726365 0.470586
0.84439 0.594012 0.411763
0.881183 0.432248 0.411763
0.920135 0.373425 0.411763
0.961084 0.344013 0.411763
1 0.402836 0.411763

Points: 12
Width: 0.0423958
Duration: 79.9141
Centroid: 0.420104 0.569896
0 0.395578 0.899262
0.071659 0.41032 0.943488
0.121566 0.41032 0.914005
0.171033 0.425062 0.855037
0.265788 0.454546 0.781326
0.37797 0.469288 0.678133
0.481596 0.513514 0.471744
0.581802 0.542998 0.265356
0.688264 0.572482 0.132678
0.792135 0.587224 0.0442257
0.896886 0.601966 0.0147416
1 0.616708 0

Points: 17
Width: 0.0469853
Duration: 151.398
Centroid: 0.549044 0.560735
0 0.456964 0.385759
0.0255173 0.470266 0.425666
0.0645931 0.470266 0.438967
0.11853 0.470266 0.438967
0.172429 0.470266 0.425666
0.227553 0.523474 0.266041
0.281194 0.536776 0.186229
0.337105 0.576682 0.0665104
0.39717 0.616588 0
0.449572 0.643192 0.0133023
0.752993 0.456964 0.838028
0.78109 0.470266 0.877934
0.804531 0.470266 0.877934
0.844587 0.470266 0.864632
0.8905 0.470266 0.838028
0.941793 0.456964 0.798122
1 0.470266 0.758216

Points: 24
Width: 0.0278125
Duration: 182.021
Centroid: 0.675365 0.538437
0 0.560859 0.595506
0.0363217 0.560859 0.662922
0.0544772 0.560859 0.707866
0.084232 0.538388 0.775282
0.131702 0.538388 0.820225
0.1762 0.515916 0.887641
0.224626 0.426028 1
0.267407 0.381084 1
0.313998 0.291197 0.932585
0.359826 0.201309 0.707866
0.403337 0.133893 0.438202
0.450883 0.156365 0.235955
0.496411 0.201309 0.191011
0.544579 0.358613 0.191011
0.590697 0.493444 0.325843
0.633875 0.560859 0.460674
0.682054 0.583332 0.483147
0.727314 0.583332 0.505618
0.774205 0.583332 0.438202
0.81807 0.605803 0.280899
0.862815 0.650747 0.191011
0.91021 0.740636 0.101124
0.956071 0.852995 0.0337076
1 0.920411 0.0337076

Points: 20
Width: 0.0296875
Duration: 150.361
Centroid: 0.794063 0.542813
0 0.242104 0.705263
0.0258492 0.263156 0.747368
0.0651945 0.263156 0.747368
0.11914 0.242104 0.726315
0.172813 0.242104 0.684211
0.231669 0.242104 0.494737
0.285484 0.242104 0.305262
0.342197 0.263156 0.199999
0.39926 0.284209 0.199999
0.447724 0.305262 0.263157
0.508437 0.347368 0.36842
0.560447 0.431578 0.578947
0.617198 0.557894 0.747368
0.667663 0.663157 0.768421
0.725869 0.768421 0.705263
0.782789 0.810526 0.621053
0.840605 0.894736 0.45263
0.895954 0.957895 0.305262
0.946951 0.978947 0.242105
1 1 0.136841

Points: 15
Width: 0.0344166
Duration: 108.68
Centroid: 0.934333 0.560583
0 0.546004 0.673122
0.0355834 0.564164 0.745762
0.079775 0.546004 0.782082
0.166038 0.527844 0.800242
0.239055 0.509685 0.836561
0.31396 0.400726 0.854721
0.386906 0.364406 0.818401
0.46961 0.255447 0.673122
0.546959 0.200967 0.455205
0.620211 0.200967 0.273606
0.693893 0.328086 0.146487
0.775627 0.437045 0.110168
0.854773 0.691283 0.110168
0.928043 0.927361 0.110168
1 1 0.110168

Points: 23
Width: 0.0377174
Duration: 170.512
Centroid: 0.0642391 0.891467
0 0.410663 0.613112
0.0257726 0.427233 0.563401
0.0465281 0.410663 0.563401
0.0817163 0.394092 0.563401
0.126469 0.394092 0.563401
0.174544 0.394092 0.563401
0.221175 0.443804 0.563401
0.270372 0.543228 0.596542
0.318217 0.626081 0.662824
0.369442 0.642651 0.745677
0.414389 0.642651 0.795389
0.467355 0.626081 0.845101
0.514123 0.559798 0.878242
0.563091 0.476945 0.861671
0.611853 0.443804 0.81196
0.66042 0.360951 0.629683
0.712252 0.32781 0.364554
0.758539 0.32781 0.149136
0.804598 0.410663 0.0331412
0.856567 0.460375 0.016571
0.905145 0.592939 0
0.951421 0.758645 0.0497121
1 0.824928 0.0662823

Points: 25
Width: 0.0369499
Duration: 186.869
Centroid: 0.18405 0.90445
0 0.631259 0.761166
0.0206633 0.631259 0.794996
0.0420477 0.631259 0.811911
0.074438 0.597429 0.811911
0.103337 0.580514 0.828825
0.15036 0.5636 0.828825
0.196933 0.512855 0.84574
0.239326 0.462111 0.84574
0.281395 0.428281 0.828825
0.328135 0.326792 0.710422
0.373925 0.309877 0.659677
0.417457 0.276048 0.575103
0.461135 0.276048 0.507444
0.506496 0.326792 0.490529
0.551794 0.377537 0.473615
0.596193 0.49594 0.439785
0.638335 0.597429 0.389041
0.685745 0.665088 0.304466
0.730782 0.682003 0.253722
0.776289 0.698918 0.169148
0.821263 0.665088 0.101489
0.863551 0.5636 0.0338296
0.909769 0.49594 0.0169144
0.952298 0.377537 0
1 0.326792 0.0169144

Points: 0
Width: 6.92241e-43
Duration: 0
Centroid: 0 0

Points: 18
Width: 0.0367361
Duration: 152.699
Centroid: 0.418264 0.895486
0 0.642723 0.765596
0.181231 0.608696 0.782608
0.207912 0.608696 0.799622
0.247052 0.591683 0.799622
0.291039 0.591683 0.816635
0.343608 0.57467 0.816635
0.40068 0.557657 0.833648
0.457394 0.47259 0.833648
0.509951 0.404537 0.765596
0.562725 0.319471 0.629489
0.620002 0.268432 0.544423
0.674541 0.217392 0.323251
0.726305 0.234405 0.136106
0.780768 0.353498 0.0340264
0.837763 0.489603 0
0.892725 0.57467 0
0.949566 0.710775 0.05104
1 0.778828 0.0680528

Points: 18
Width: 0.0245832
Duration: 134.781
Centroid: 0.554583 0.890833
0 0.508474 0.686444
0.0425168 0.508474 0.762716
0.0723684 0.457626 0.788139
0.13384 0.381354 0.813563
0.193601 0.355931 0.813563
0.256318 0.279659 0.661021
0.320427 0.228811 0.45763
0.381695 0.228811 0.203392
0.440731 0.330507 0.0508476
0.504289 0.508474 0
0.566369 0.584745 0.0254244
0.632217 0.762712 0.152543
0.693195 0.838984 0.33051
0.751942 0.788137 0.533901
0.813761 0.711865 0.610173
0.874652 0.559322 0.711868
0.93566 0.48305 0.711868
1 0.48305 0.686444

Points: 21
Width: 0.0337499
Duration: 159.059
Centroid: 0.66875 0.887619
0 0.203703 0.590831
0.037108 0.222221 0.683423
0.0620595 0.222221 0.701942
0.105307 0.222221 0.720461
0.155014 0.24074 0.683423
0.21253 0.24074 0.609349
0.263661 0.24074 0.442682
0.315135 0.259258 0.294533
0.37081 0.259258 0.257497
0.419534 0.277777 0.238978
0.473047 0.333333 0.294533
0.525381 0.425925 0.4612
0.575309 0.537036 0.646386
0.630958 0.61111 0.720461
0.683858 0.703703 0.757497
0.735627 0.796297 0.683423
0.786905 0.833334 0.609349
0.839362 0.925926 0.387126
0.893367 0.962963 0.331571
0.943908 0.981482 0.220459
1 1 0.164904

Points: 22
Width: 0.034659
Duration: 160.594
Centroid: 0.812102 0.899659
0 0.668033 0.757379
0.0231806 0.649999 0.811477
0.0480881 0.631967 0.847542
0.0854738 0.595901 0.883608
0.119649 0.577868 0.883608
0.171191 0.541803 0.883608
0.228644 0.487704 0.883608
0.274713 0.307376 0.757379
0.326328 0.235245 0.70328
0.377724 0.145081 0.57705
0.431674 0.163113 0.559017
0.485017 0.27131 0.522952
0.534418 0.451638 0.486886
0.588295 0.541803 0.468853
0.641273 0.704098 0.396722
0.693277 0.77623 0.270492
0.742314 0.77623 0.162296
0.792275 0.686065 0.054098
0.848074 0.631967 0.0180324
0.899129 0.487704 0
0.950769 0.361475 0.0180324
1 0.307376 0.054098

Points: 19
Width: 0.0466447
Duration: 169.863
Centroid: 0.933553 0.907895
0 0.43512 0.509168
0.0224675 0.461918 0.535966
0.0576981 0.461918 0.549366
0.0813154 0.461918 0.549366
0.113993 0.461918 0.549366
0.165114 0.461918 0.522567
0.214511 0.461918 0.428773
0.262849 0.448519 0.267983
0.308474 0.448519 0.133991
0.362884 0.448519 0.0803948
0.410417 0.475317 0.0133995
0.457077 0.515515 0
0.507738 0.542313 0.0133995
0.798137 0.59591 0.870945
0.83346 0.582511 0.897743
0.857077 0.569111 0.897743
0.901598 0.569111 0.897743
0.948143 0.555713 0.897743
1 0.542313 0.884344

Points: 24
Width: 0.0391667
Duration: 178.242
Centroid: 0.0883333 0.894167
0 0.617021 0.765957
0.0332238 0.648936 0.765957
0.0552268 0.648936 0.781914
0.0777997 0.632979 0.797872
0.113149 0.617021 0.797872
0.158646 0.601064 0.813829
0.207605 0.537234 0.829787
0.250142 0.521277 0.829787
0.299693 0.409574 0.797872
0.348214 0.37766 0.749999
0.392724 0.31383 0.670213
0.437957 0.297872 0.590425
0.484506 0.297872 0.55851
0.533947 0.361702 0.510638
0.580451 0.473404 0.446808
0.627416 0.585106 0.382978
0.673132 0.664893 0.319148
0.719658 0.680851 0.271277
0.766206 0.648936 0.191489
0.810695 0.553191 0.0957445
0.860508 0.441489 0.015957
0.906969 0.393617 0
0.953868 0.345745 0
1 0.329787 0.015957

Points: 22
Width: 0.0546591
Duration: 236.988
Centroid: 0.18625 0.900341
0 0.511434 1
0.100232 0.5 0.965697
0.120358 0.5 0.919959
0.155071 0.5 0.862786
0.190954 0.5 0.794179
0.2272 0.5 0.542619
0.263347 0.5 0.451143
0.299445 0.522869 0.29106
0.332756 0.557173 0.199584
0.367272 0.62578 0.153846
0.401605 0.694387 0.153846
0.437604 0.72869 0.16528
0.715621 0.385655 0.474012
0.740592 0.328482 0.428274
0.757158 0.305613 0.428274
0.789266 0.294179 0.41684
0.822793 0.294179 0.41684
0.859945 0.317048 0.41684
0.894246 0.408524 0.439709
0.928975 0.557173 0.474012
0.966754 0.705821 0.496881
1 0.762994 0.508316

Points: 16
Width: 0.0358595
Duration: 142.113
Centroid: 0.308047 0.90586
0 0.474946 0.435728
0.0411753 0.492375 0.470586
0.0692394 0.492375 0.470586
0.122729 0.492375 0.453158
0.178087 0.492375 0.40087
0.2404 0.492375 0.226579
0.29914 0.492375 0.0871459
0.353179 0.527233 0.0174295
0.410874 0.544663 0
0.469338 0.544663 0
0.773233 0.457517 0.906314
0.800225 0.492375 0.906314
0.827547 0.492375 0.906314
0.880652 0.492375 0.906314
0.936973 0.492375 0.906314
1 0.527233 0.906314

Points: 20
Width: 0.036
Duration: 150.566
Centroid: 0.419 0.878125
0 0.201389 0.630206
0.0259696 0.236111 0.68229
0.0652484 0.236111 0.68229
0.109327 0.236111 0.68229
0.163186 0.236111 0.630206
0.227215 0.253472 0.491318
0.278635 0.270833 0.335067
0.331561 0.288195 0.265623
0.391205 0.305556 0.248262
0.442236 0.322917 0.300345
0.49882 0.392361 0.456595
0.55408 0.479167 0.647568
0.60646 0.583333 0.786457
0.665404 0.635417 0.786457
0.721287 0.722222 0.734373
0.772707 0.809028 0.560762
0.832248 0.878472 0.404513
0.886341 0.947916 0.282985
0.941705 0.965277 0.230901
1 1 0.161457

Points: 32
Width: 0.0682812
Duration: 250.754
Centroid: 0.577148 0.858281
0 0.484268 0.677346
0.0157182 0.493421 0.723112
0.0347078 0.484268 0.750572
0.0662066 0.475115 0.778032
0.101865 0.447654 0.823799
0.133753 0.429348 0.842105
0.168679 0.411041 0.842105
0.201112 0.365274 0.768879
0.235244 0.356121 0.723112
0.265964 0.346968 0.640732
0.297883 0.392735 0.585812
0.333089 0.420195 0.567506
0.367158 0.484268 0.567506
0.39914 0.530034 0.604119
0.432617 0.548341 0.631579
0.468151 0.566648 0.668192
0.500678 0.566648 0.686499
0.532114 0.566648 0.686499
0.564345 0.575801 0.659039
0.600548 0.584954 0.631579
0.632608 0.603261 0.558352
0.664247 0.630721 0.448512
0.697132 0.667334 0.338673
0.73145 0.685641 0.237986
0.766626 0.685641 0.192219
0.797828 0.676487 0.10984
0.8321 0.621568 0.0366132
0.864066 0.530034 0
0.900114 0.475115 0
0.933139 0.356121 0.0366132
0.965199 0.273741 0.0823796
1 0.264588 0.100686

Points: 0
Width: 6.92241e-43
Duration: 0
Centroid: 0 0

Points: 19
Width: 0.0263158
Duration: 135.934
Centroid: 0.804474 0.900066
0 0.62875 0.688749
0.0274433 0.53375 0.7125
0.0764677 0.48625 0.73625
0.101181 0.438751 0.73625
0.135866 0.391251 0.76
0.197563 0.343751 0.76
0.262967 0.296251 0.76
0.322682 0.153751 0.546251
0.384609 0.106251 0.30875
0.444754 0.106251 0.190001
0.505762 0.248751 0.0475011
0.567832 0.48625 0
0.627116 0.700001 0.0949998
0.691744 0.795 0.16625
0.750884 0.8425 0.35625
0.81511 0.8425 0.57
0.871174 0.747501 0.688749
0.93859 0.700001 0.688749
1 0.652501 0.688749

Points: 30
Width: 0.0504582
Duration: 276.352
Centroid: 0.930875 0.916708
0 0.677127 0.668871
0.0139796 0.7019 0.70603
0.0352953 0.714286 0.718417
0.0651062 0.714286 0.730803
0.0934753 0.7019 0.767963
0.124162 0.66474 0.817509
0.154228 0.639967 0.854668
0.185466 0.627581 0.867055
0.216295 0.602808 0.879441
0.243759 0.578035 0.891828
0.276072 0.553262 0.879441
0.304992 0.491329 0.817509
0.334931 0.441784 0.70603
0.366155 0.404624 0.569779
0.395655 0.404624 0.421141
0.425706 0.417011 0.346822
0.455828 0.45417 0.21057
0.485441 0.491329 0.0990924
0.516199 0.491329 0.0619327
0.544822 0.478943 0
0.752523 0.293146 0.272503
0.76663 0.255986 0.297276
0.786419 0.243599 0.297276
0.818407 0.231213 0.309662
0.848825 0.231213 0.309662
0.878636 0.317919 0.309662
0.906836 0.429397 0.297276
0.939657 0.503716 0.297276
0.969553 0.602808 0.297276
1 0.639967 0.297276

Points: 0
Width: 6.92241e-43
Duration: 0
Centroid: 0 0

Points: 26
Width: 0.0311058
Duration: 196.09
Centroid: 0.181394 0.728654
0 0.618238 0.561825
0.0496225 0.618238 0.602011
0.0702803 0.598145 0.622105
0.104185 0.55796 0.642197
0.121616 0.537867 0.662289
0.151676 0.497682 0.682382
0.19339 0.457496 0.722568
0.233909 0.417311 0.762753
0.279408 0.276662 0.802939
0.318831 0.236476 0.802939
0.362756 0.176198 0.702476
0.404809 0.11592 0.481454
0.447798 0.11592 0.240341
0.489073 0.19629 0.119786
0.531684 0.256569 0.119786
0.574753 0.377125 0.159971
0.618857 0.497682 0.340806
0.658898 0.55796 0.521641
0.704357 0.578053 0.581918
0.74633 0.578053 0.642197
0.78906 0.598145 0.622105
0.829678 0.658423 0.501547
0.869061 0.758887 0.360899
0.916871 0.799073 0.30062
0.956633 0.919629 0.240341
1 1 0.200157

Points: 0
Width: 6.92241e-43
Duration: 0
Centroid: 0 0

Points: 19
Width: 0.032829
Duration: 137.082
Centroid: 0.427171 0.729342
0 0.314629 0.605212
0.0317727 0.314629 0.643287
0.0712393 0.295591 0.643287
0.100419 0.295591 0.624249
0.151255 0.295591 0.567135
0.215656 0.314629 0.490983
0.273644 0.352705 0.31964
0.333542 0.409819 0.186374
0.39401 0.428858 0.129261
0.452996 0.428858 0.129261
0.513179 0.428858 0.205413
0.576212 0.428858 0.395792
0.640584 0.466934 0.605212
0.698316 0.543086 0.719439
0.761776 0.657315 0.738478
0.822301 0.714429 0.700402
0.883709 0.847695 0.643287
0.941555 0.961924 0.586173
1 1 0.567135

Points: 25
Width: 0.0202
Duration: 190.328
Centroid: 0.06805 0.8877
0 0.610149 0.46411
0.0308062 0.64109 0.525991
0.0522125 0.64109 0.587873
0.0842501 0.610149 0.649754
0.127206 0.579208 0.680694
0.175273 0.548268 0.742575
0.215705 0.393564 0.897279
0.258579 0.300742 0.990102
0.303177 0.269802 0.990102
0.345394 0.17698 0.928219
0.387776 0.0841577 0.680694
0.432518 0.0841577 0.525991
0.476398 0.0532171 0.216585
0.520667 0.115098 0.0309399
0.566641 0.238861 0
0.608509 0.424505 0.123763
0.652163 0.517327 0.247525
0.695058 0.64109 0.525991
0.74179 0.733912 0.680694
0.784829 0.733912 0.649754
0.825261 0.733912 0.46411
0.872527 0.733912 0.371288
0.915955 0.795793 0.216585
0.959178 0.888615 0.154702
1 0.950496 0.154702

Points: 26
Width: 0.0439421
Duration: 195.359
Centroid: 0.197933 0.909808
0 0.537746 0.416846
0.0188555 0.55197 0.459516
0.0404903 0.55197 0.473739
0.070783 0.537746 0.487962
0.102475 0.5093 0.516409
0.145045 0.480853 0.544855
0.188015 0.42396 0.559079
0.230785 0.352844 0.544855
0.273594 0.281728 0.431069
0.314385 0.239058 0.274613
0.360294 0.239058 0.203497
0.401484 0.267504 0.132381
0.444473 0.367067 0.146604
0.484124 0.480853 0.26039
0.528553 0.566193 0.431069
0.568624 0.594639 0.516409
0.619811 0.594639 0.729758
0.658042 0.566193 0.914661
0.699312 0.55197 0.971554
0.740062 0.537746 1
0.785671 0.537746 0.914661
0.825722 0.566193 0.729758
0.869931 0.608863 0.502185
0.913761 0.637309 0.402623
0.955951 0.679979 0.26039
1 0.736872 0.175051

Points: 15
Width: 0.02825
Duration: 129.309
Centroid: 0.291583 0.917
0 0.471976 0.420354
0.0451621 0.516224 0.420354
0.0757031 0.516224 0.398229
0.10567 0.516224 0.353981
0.159502 0.516224 0.265486
0.226988 0.516224 0.199114
0.293508 0.560472 0.066371
0.36042 0.582596 0
0.695738 0.471976 0.730087
0.725856 0.471976 0.774335
0.771894 0.471976 0.796459
0.808869 0.471976 0.796459
0.874513 0.471976 0.796459
0.939341 0.471976 0.752211
1 0.471976 0.730087

Points: 17
Width: 0.0275736
Duration: 121.172
Centroid: 0.438456 0.892574
0 0.392 0.657332
0.0481947 0.392 0.747998
0.0809155 0.346667 0.770665
0.130496 0.324 0.793332
0.175467 0.301333 0.793332
0.247905 0.278667 0.770665
0.317859 0.210667 0.589332
0.38401 0.210667 0.317332
0.450516 0.278667 0.0906664
0.519471 0.46 0
0.590909 0.595999 0
0.65764 0.822666 0.136
0.725983 0.958665 0.362666
0.795809 0.958665 0.475999
0.861057 0.822666 0.657332
0.93401 0.618666 0.702665
1 0.527999 0.634665

Points: 0
Width: 6.92241e-43
Duration: 0
Centroid: 0 0

Points: 15
Width: 0.0471668
Duration: 103.691
Centroid: 0.679417 0.913417
0 0.479682 0.702296
0.0539461 0.479682 0.781801
0.0925221 0.479682 0.795052
0.131023 0.479682 0.808302
0.194839 0.46643 0.821554
0.270936 0.46643 0.821554
0.359277 0.46643 0.781801
0.434432 0.479682 0.649292
0.511998 0.492932 0.477031
0.594349 0.492932 0.397526
0.67783 0.492932 0.238516
0.753136 0.506183 0.132508
0.832662 0.519434 0.0795051
0.920399 0.585688 0.0132512
1 0.61219 0

Points: 23
Width: 0.0255435
Duration: 169.785
Centroid: 0.815326 0.891793
0 0.615959 0.685106
0.0223398 0.615959 0.807447
0.0578166 0.615959 0.856382
0.0817899 0.59149 0.88085
0.117819 0.567023 0.929786
0.164753 0.518087 0.954255
0.216542 0.420213 0.978722
0.264466 0.322341 0.929786
0.313079 0.175533 0.734042
0.359393 0.10213 0.587234
0.410606 0.0287248 0.269149
0.457817 0.0776609 0.0734047
0.511032 0.273405 0.0489361
0.555504 0.493618 0.195745
0.607661 0.567023 0.293618
0.65731 0.640426 0.440426
0.705165 0.640426 0.513829
0.755136 0.615959 0.513829
0.803221 0.615959 0.415957
0.854159 0.615959 0.24468
0.902358 0.713831 0.122341
0.949569 0.811703 0.0244686
1 0.860639 0

Points: 31
Width: 0.0380244
Duration: 237.098
Centroid: 0.931976 0.896169
0 0.211032 0.648993
0.0247294 0.243906 0.665429
0.0419296 0.243906 0.665429
0.0583719 0.260342 0.648993
0.0871542 0.260342 0.599682
0.123746 0.260342 0.533935
0.160189 0.260342 0.386003
0.193239 0.260342 0.270945
0.231428 0.260342 0.238072
0.263983 0.260342 0.238072
0.299965 0.260342 0.254509
0.334761 0.260342 0.35313
0.369359 0.309653 0.517498
0.404106 0.358963 0.632556
0.440467 0.3754 0.665429
0.476416 0.391837 0.665429
0.511195 0.391837 0.648993
0.544426 0.408274 0.566808
0.581676 0.441148 0.533935
0.615797 0.457584 0.501061
0.652108 0.506895 0.501061
0.685553 0.605516 0.583246
0.718306 0.720574 0.665429
0.75666 0.786321 0.681866
0.790929 0.868505 0.681866
0.825379 0.934252 0.599682
0.860866 0.950689 0.533935
0.896832 0.967126 0.386003
0.932863 0.983563 0.270945
0.966209 1 0.188761
1 1 0.172325

Points: 27
Width: 0.0556018
Duration: 208.172
Centroid: 0.0623148 0.686852
0 0.41174 0.584513
0.0472679 0.400499 0.550792
0.0795992 0.400499 0.51707
0.0953239 0.400499 0.460866
0.11878 0.41174 0.393423
0.163176 0.41174 0.303497
0.202132 0.434221 0.146129
0.239811 0.445462 0.0449626
0.27901 0.445462 0.0112404
0.318416 0.445462 0
0.359397 0.445462 0.0449626
0.397114 0.434221 0.191091
0.438753 0.434221 0.427145
0.479753 0.434221 0.550792
0.52141 0.467943 0.775604
0.561398 0.501665 0.899252
0.598664 0.524147 0.932974
0.637188 0.59159 0.921733
0.682429 0.625313 0.87677
0.720315 0.681516 0.775604
0.759739 0.715238 0.674439
0.798788 0.715238 0.629476
0.841083 0.692756 0.573273
0.881164 0.614072 0.550792
0.9192 0.501665 0.539551
0.961645 0.467943 0.550792
1 0.445462 0.573273

Points: 0
Width: 6.92241e-43
Duration: 0
Centroid: 0 0

Points: 20
Width: 0.0285
Duration: 143.387
Centroid: 0.314062 0.7335
0 0.31908 0.745614
0.0408914 0.31908 0.614035
0.0730378 0.34101 0.570176
0.110742 0.384869 0.548246
0.13872 0.428729 0.526316
0.187049 0.494518 0.504386
0.247609 0.560308 0.504386
0.305146 0.669957 0.548246
0.36222 0.735747 0.635966
0.41992 0.735747 0.789474
0.480753 0.669957 0.877193
0.534639 0.604168 0.899124
0.596153 0.472589 0.855263
0.656224 0.31908 0.635966
0.711881 0.23136 0.350877
0.770098 0.23136 0.109649
0.826573 0.29715 0.0438586
0.889149 0.494518 0
0.944806 0.735747 0.065789
1 0.955045 0.175439

Points: 11
Width: 0.0545455
Duration: 75.0781
Centroid: 0.0609091 0.917045
0 0.480208 0.802083
0.0516649 0.457292 0.825
0.130957 0.457292 0.825
0.216025 0.434375 0.825
0.324142 0.434375 0.790625
0.441415 0.445833 0.721875
0.550416 0.503125 0.4125
0.654839 0.5375 0.20625
0.769355 0.560417 0.0687499
0.884183 0.583333 0.0229166
1 0.60625 0

Points: 19
Width: 0.0282237
Duration: 142.582
Centroid: 0.173026 0.895921
0 0.357808 0.527971
0.0696145 0.313519 0.527971
0.0971206 0.313519 0.527971
0.139229 0.357808 0.527971
0.183091 0.402097 0.527971
0.246322 0.490676 0.527971
0.302375 0.557109 0.57226
0.359771 0.712121 0.727272
0.416263 0.712121 0.81585
0.476644 0.623543 0.904428
0.534972 0.446387 0.904428
0.596806 0.379953 0.837995
0.655352 0.26923 0.594405
0.71009 0.247086 0.306525
0.769404 0.26923 0.195802
0.830142 0.446387 0.0850798
0.887948 0.689977 0.0850798
0.945645 0.911422 0.129369
1 1 0.173658

Points: 16
Width: 0.0374219
Duration: 112.328
Centroid: 0.312578 0.896172
0 0.448852 0.634656
0.0372444 0.465553 0.701461
0.0879469 0.465553 0.734864
0.123487 0.465553 0.751566
0.182744 0.465553 0.768267
0.255807 0.448852 0.768267
0.335652 0.398748 0.768267
0.409132 0.331942 0.701461
0.480874 0.248434 0.517745
0.556649 0.231733 0.384134
0.628947 0.231733 0.183716
0.704236 0.365345 0.100209
0.778377 0.615866 0.133612
0.848832 0.866388 0.250522
0.927111 0.949896 0.283925
1 1 0.317328

Points: 21
Width: 0.0332739
Duration: 180.504
Centroid: 0.441786 0.915774
0 0.510733 0.957957
0.0431734 0.49195 0.957957
0.0789673 0.473166 0.939174
0.0983142 0.473166 0.882824
0.122985 0.473166 0.788906
0.172845 0.473166 0.694988
0.21366 0.49195 0.563505
0.262157 0.585867 0.244185
0.309572 0.60465 0.150268
0.355255 0.661001 0.0375669
0.40306 0.679785 0
0.652297 0.266548 0.450804
0.676795 0.228981 0.450804
0.695211 0.228981 0.450804
0.728754 0.228981 0.450804
0.768811 0.247765 0.43202
0.8143 0.285332 0.43202
0.862364 0.5483 0.394453
0.909563 0.661001 0.394453
0.956112 0.886403 0.413236
1 0.999103 0.413236

Points: 19
Width: 0.0275
Duration: 134.422
Centroid: 0.55375 0.887632
0 0.386363 0.56579
0.0285947 0.340909 0.633971
0.0580611 0.318181 0.633971
0.102522 0.318181 0.633971
0.135476 0.318181 0.588516
0.19839 0.318181 0.520335
0.260491 0.318181 0.406698
0.32201 0.386363 0.179425
0.38411 0.40909 0.133971
0.445746 0.40909 0.111243
0.505899 0.431818 0.179425
0.565878 0.454544 0.383971
0.63132 0.477272 0.497607
0.694525 0.545453 0.679425
0.75866 0.613636 0.747608
0.817128 0.727273 0.72488
0.880303 0.795454 0.702153
0.940602 0.931818 0.611244
1 1 0.56579

Points: 16
Width: 0.0328908
Duration: 141.828
Centroid: 0.676641 0.910391
0 0.47506 0.437052
0.0407899 0.513064 0.399048
0.0688829 0.513064 0.342041
0.118046 0.513064 0.304036
0.175306 0.513064 0.228027
0.236091 0.513064 0.171021
0.293654 0.551069 0.0190018
0.352154 0.57007 0
0.411232 0.589073 0
0.70417 0.494061 0.855103
0.731574 0.47506 0.874105
0.772695 0.456057 0.874105
0.821141 0.437055 0.874105
0.877906 0.437055 0.874105
0.939986 0.456057 0.874105
1 0.494061 0.874105

Points: 14
Width: 0.0297322
Duration: 97.1094
Centroid: 0.804643 0.894732
0 0.632132 0.651651
0.0616251 0.653154 0.735735
0.101086 0.653154 0.777777
0.162711 0.653154 0.819819
0.235358 0.611111 0.84084
0.314763 0.59009 0.861861
0.404103 0.37988 0.798798
0.48926 0.274775 0.714714
0.574779 0.127628 0.441441
0.658689 0.106607 0.189189
0.74465 0.16967 0.105105
0.83395 0.421922 0.0210205
0.921641 0.758258 0
1 0.968468 0.042042

Points: 0
Width: 6.92241e-43
Duration: 0
Centroid: 0 0

Points: 23
Width: 0.0492391
Duration: 175.309
Centroid: 0.06375 0.738261
0 0.347682 0.96192
0.0218365 0.334989 0.987307
0.0503576 0.334989 1
0.100025 0.322296 0.987307
0.144366 0.322296 0.949227
0.19947 0.360375 0.695364
0.241472 0.373068 0.606511
0.291584 0.398455 0.4415
0.339 0.398455 0.352648
0.383899 0.398455 0.314569
0.429666 0.411148 0.314569
0.481049 0.423841 0.352648
0.527931 0.487307 0.416114
0.574679 0.576159 0.466887
0.621516 0.690398 0.454194
0.671338 0.74117 0.428807
0.717819 0.791943 0.352648
0.764032 0.791943 0.276489
0.813343 0.728477 0.213024
0.861383 0.677704 0.20033
0.909289 0.576159 0.20033
0.954856 0.512693 0.23841
1 0.5 0.289182

Points: 12
Width: 0.0452084
Duration: 79.8477
Centroid: 0.183021 0.756458
0 0.43894 0.870967
0.0571401 0.452765 0.884791
0.0976469 0.452765 0.884791
0.172056 0.452765 0.857142
0.274693 0.452765 0.801842
0.377868 0.452765 0.718893
0.486473 0.46659 0.428571
0.588034 0.46659 0.331797
0.693851 0.508064 0.152074
0.801037 0.563364 0.0552994
0.899858 0.632488 0.0138245
1 0.660138 0

Points: 23
Width: 0.0277174
Duration: 169.027
Centroid: 0.309783 0.732011
0 0.481372 0.689215
0.022856 0.481372 0.756863
0.059786 0.481372 0.801959
0.082018 0.458823 0.847059
0.111345 0.436274 0.892155
0.157727 0.391176 0.914705
0.207183 0.368627 0.959803
0.256731 0.255882 0.914705
0.309052 0.210784 0.824509
0.3583 0.120588 0.531372
0.408102 0.0980387 0.238234
0.453121 0.210784 0.0803921
0.501629 0.413725 0.0803921
0.556354 0.503921 0.148038
0.603799 0.639215 0.305882
0.6521 0.661764 0.441176
0.701186 0.661764 0.486274
0.752328 0.639215 0.508822
0.801669 0.616666 0.441176
0.848143 0.684313 0.283333
0.895912 0.819607 0.170588
0.948534 0.864706 0.12549
1 1 0.0578425

Points: 21
Width: 0.0279762
Duration: 157.984
Centroid: 0.435774 0.735357
0 0.173404 0.717021
0.024503 0.195744 0.784043
0.050094 0.195744 0.806383
0.102339 0.195744 0.806383
0.155079 0.195744 0.761702
0.212318 0.195744 0.60532
0.263797 0.195744 0.359573
0.316462 0.218085 0.18085
0.366902 0.262766 0.13617
0.422139 0.262766 0.13617
0.472208 0.329787 0.225532
0.528039 0.441489 0.471276
0.578429 0.597872 0.717021
0.628647 0.709574 0.806383
0.684749 0.754255 0.806383
0.737588 0.821277 0.694681
0.790624 0.888298 0.538298
0.839704 0.932979 0.381914
0.894175 0.955319 0.270211
0.949832 0.97766 0.203191
1 1 0.091488

Points: 29
Width: 0.0393104
Duration: 256.164
Centroid: 0.56931 0.73944
0 0.238487 0.936404
0.0239715 0.238487 1
0.0384733 0.238487 1
0.0559181 0.238487 1
0.0894812 0.238487 0.952302
0.120193 0.270285 0.856908
0.153771 0.286184 0.745615
0.187944 0.333881 0.379935
0.218473 0.381579 0.189146
0.250862 0.413377 0.0937509
0.283327 0.413377 0.0778522
0.316295 0.429276 0.0778522
0.349035 0.429276 0.12555
0.538702 0.699561 0.666119
0.55389 0.747258 0.697917
0.575406 0.747258 0.713816
0.608817 0.747258 0.713816
0.643097 0.747258 0.713816
0.672939 0.683662 0.666119
0.705282 0.635964 0.634321
0.73976 0.556469 0.523027
0.772607 0.461075 0.411733
0.803715 0.413377 0.316339
0.83621 0.413377 0.252743
0.868919 0.445175 0.220944
0.903611 0.556469 0.157347
0.934719 0.71546 0.12555
0.965598 0.858552 0.12555
1 0.922149 0.12555

Points: 20
Width: 0.0375624
Duration: 150.363
Centroid: 0.672438 0.725625
0 0.301164 0.558236
0.0257449 0.334442 0.558236
0.0652067 0.334442 0.541597
0.11945 0.334442 0.524957
0.172291 0.36772 0.524957
0.232562 0.467554 0.508319
0.284467 0.500831 0.524957
0.335905 0.567387 0.591513
0.391967 0.600665 0.691348
0.449406 0.584026 0.774543
0.50552 0.500831 0.791181
0.558621 0.450914 0.757904
0.615463 0.351081 0.608153
0.673343 0.317803 0.441763
0.725483 0.351081 0.308651
0.78235 0.417636 0.275374
0.840101 0.584026 0.242096
0.895176 0.767055 0.242096
0.948614 0.866888 0.258734
1 1 0.275374

Points: 28
Width: 0.0418749
Duration: 247.254
Centroid: 0.80817 0.740625
0 0.447227 0.895522
0.0156248 0.477078 0.955224
0.0318341 0.492003 1
0.056543 0.506928 1
0.0956759 0.506928 1
0.125978 0.506928 0.985074
0.156137 0.477078 0.791044
0.188666 0.462153 0.597014
0.224165 0.462153 0.492536
0.258669 0.477078 0.298506
0.291025 0.521854 0.164177
0.324976 0.536779 0.119402
0.359354 0.581556 0.0895508
0.394 0.626332 0.0895508
0.426134 0.671108 0.134327
0.460812 0.715884 0.194029
0.494731 0.745735 0.208954
0.719513 0.417376 0.432835
0.743274 0.312899 0.417909
0.762358 0.283048 0.402983
0.775361 0.253197 0.402983
0.799596 0.253197 0.402983
0.830245 0.253197 0.402983
0.862253 0.297973 0.402983
0.897815 0.521854 0.492536
0.930897 0.611406 0.522387
0.96518 0.745735 0.552238
1 0.835287 0.552238

Points: 0
Width: 6.92241e-43
Duration: 0
Centroid: 0 0

Points: 29
Width: 0.0265517
Duration: 223.098
Centroid: 0.0384483 0.5475
0 0.670455 0.641235
0.0290477 0.670455 0.594157
0.0441231 0.623377 0.594157
0.0653967 0.623377 0.594157
0.104932 0.599838 0.594157
0.142612 0.55276 0.664773
0.179049 0.505682 0.735391
0.216466 0.458604 0.782468
0.256229 0.387987 0.853085
0.289304 0.31737 0.900164
0.325828 0.270292 0.900164
0.364505 0.199675 0.829546
0.403201 0.176136 0.711852
0.440092 0.129058 0.476462
0.478945 0.129058 0.241072
0.513351 0.176136 0.123378
0.553867 0.223214 0.0998386
0.590934 0.340909 0.0998386
0.62716 0.435065 0.241072
0.663334 0.529221 0.429384
0.701014 0.55276 0.523541
0.740374 0.576299 0.617696
0.776216 0.576299 0.617696
0.811707 0.623377 0.500001
0.851452 0.646916 0.429384
0.888922 0.741071 0.28815
0.926234 0.835227 0.170455
0.964684 0.929383 0.123378
1 1 0.123378

Points: 20
Width: 0.028875
Duration: 150.906
Centroid: 0.184875 0.56
0 0.393939 0.738095
0.0251346 0.350649 0.759739
0.0640402 0.329004 0.738095
0.114827 0.307359 0.716449
0.167348 0.307359 0.651515
0.227299 0.307359 0.478354
0.280156 0.285714 0.261903
0.335551 0.285714 0.240258
0.393197 0.285714 0.218613
0.445926 0.285714 0.283549
0.503909 0.307359 0.348483
0.559795 0.372294 0.543289
0.614827 0.48052 0.694803
0.666442 0.52381 0.738095
0.721138 0.69697 0.716449
0.777853 0.761905 0.651515
0.837104 0.848485 0.499999
0.886855 0.91342 0.326839
0.943389 0.95671 0.261903
1 1 0.132033

Points: 30
Width: 0.0443333
Duration: 233.328
Centroid: 0.313375 0.566917
0 0.631109 0.450188
0.0161388 0.617012 0.49248
0.0419373 0.602914 0.506578
0.071938 0.588816 0.520677
0.105002 0.574718 0.548871
0.139942 0.518327 0.591165
0.177091 0.490132 0.591165
0.214006 0.419643 0.605262
0.247924 0.363252 0.577067
0.285341 0.335057 0.534774
0.321352 0.292763 0.393797
0.357095 0.278666 0.238721
0.391432 0.292763 0.140037
0.425367 0.363252 0.125939
0.464692 0.405546 0.140037
0.500234 0.476034 0.266917
0.534554 0.532425 0.436089
0.567702 0.532425 0.661654
0.606626 0.532425 0.774436
0.642403 0.490132 0.943608
0.676421 0.490132 1
0.714927 0.490132 0.985902
0.748125 0.490132 0.943608
0.784303 0.490132 0.774436
0.819879 0.532425 0.548871
0.853931 0.574718 0.351504
0.891532 0.602914 0.281015
0.926354 0.645207 0.210526
0.962248 0.673403 0.18233
1 0.673403 0.18233

Points: 0
Width: 6.92241e-43
Duration: 0
Centroid: 0 0

Points: 20
Width: 0.0265626
Duration: 146.031
Centroid: 0.552187 0.56525
0 0.223532 0.683528
0.0286219 0.24706 0.730587
0.0534453 0.24706 0.730587
0.0948802 0.223532 0.730587
0.142334 0.200002 0.730587
0.202707 0.200002 0.730587
0.255671 0.24706 0.589411
0.314306 0.27059 0.495293
0.369356 0.364708 0.307059
0.431254 0.435295 0.165883
0.485261 0.458825 0.118823
0.544966 0.529412 0.0717655
0.602932 0.552942 0.0717655
0.656885 0.600001 0.165883
0.713139 0.670588 0.28353
0.768297 0.741177 0.354117
0.828403 0.835294 0.542352
0.886128 0.952941 0.730587
0.94059 1 0.871764
1 1 0.895292

Points: 24
Width: 0.0249478
Duration: 181.18
Centroid: 0.0678125 0.898802
0 0.568894 0.699373
0.0206114 0.593946 0.799582
0.0539002 0.593946 0.824635
0.0799448 0.568894 0.849686
0.126946 0.543841 0.874739
0.175736 0.493737 0.899791
0.21655 0.368475 0.974948
0.264866 0.318371 1
0.311716 0.243214 0.949896
0.355828 0.168057 0.749477
0.405049 0.143005 0.398746
0.447674 0.168057 0.148223
0.490708 0.218162 0.0981173
0.54105 0.343423 0.0730657
0.585335 0.443632 0.148223
0.631409 0.468685 0.223379
0.676232 0.543841 0.423797
0.724936 0.568894 0.549059
0.772304 0.593946 0.549059
0.816416 0.669103 0.373693
0.861369 0.74426 0.198328
0.910073 0.794364 0.12317
0.956492 0.894573 0.048014
1 0.944678 0.0229611

Points: 14
Width: 0.0252679
Duration: 98.4883
Centroid: 0.195982 0.913572
0 0.60424 0.899292
0.0667116 0.55477 0.948761
0.0997501 0.5053 0.948761
0.147543 0.45583 0.948761
0.23714 0.431095 0.924026
0.319795 0.35689 0.874557
0.404871 0.15901 0.528267
0.493991 0.134275 0.404591
0.576766 0.134275 0.181976
0.664261 0.30742 0.0335662
0.744378 0.579505 0.00883177
0.825289 0.85159 0.0583017
0.912505 0.925795 0.107772
1 1 0.132506

Points: 23
Width: 0.0363043
Duration: 172.156
Centroid: 0.303696 0.88712
0 0.208083 0.763473
0.0346932 0.208083 0.81512
0.0583364 0.190868 0.81512
0.0819341 0.190868 0.81512
0.128789 0.190868 0.81512
0.179139 0.190868 0.81512
0.22706 0.190868 0.711827
0.274732 0.225299 0.50524
0.323425 0.25973 0.298653
0.368987 0.328592 0.178144
0.420403 0.380239 0.160929
0.468733 0.500748 0.19536
0.517018 0.604042 0.3503
0.567095 0.672904 0.539671
0.613065 0.690119 0.677395
0.664504 0.690119 0.694611
0.711881 0.690119 0.625749
0.761504 0.707335 0.539671
0.806113 0.741766 0.436378
0.852537 0.793413 0.281438
0.904656 0.879491 0.178144
0.95378 0.965569 0.143713
1 1 0.143713

Points: 22
Width: 0.0339204
Duration: 163.238
Centroid: 0.43358 0.886989
0 0.170852 0.710218
0.0285003 0.170852 0.765494
0.0601115 0.170852 0.765494
0.0842327 0.170852 0.765494
0.13025 0.170852 0.765494
0.180047 0.170852 0.710218
0.235636 0.170852 0.525963
0.283974 0.226129 0.323283
0.335351 0.281405 0.175879
0.382613 0.391959 0.139028
0.436072 0.502511 0.194304
0.488358 0.557788 0.268007
0.53751 0.649915 0.452262
0.592141 0.705192 0.636516
0.63969 0.705192 0.710218
0.691617 0.723617 0.747069
0.746225 0.742043 0.710218
0.791381 0.760468 0.562814
0.844217 0.815745 0.378559
0.894901 0.834171 0.304857
0.947187 0.907873 0.21273
1 1 0.175879

Points: 32
Width: 0.0454297
Duration: 249.863
Centroid: 0.55207 0.893164
0 0.243336 0.520207
0.0151958 0.243336 0.56148
0.0392715 0.243336 0.575237
0.0677245 0.243336 0.602753
0.0983507 0.243336 0.61651
0.136325 0.243336 0.61651
0.167748 0.257093 0.547722
0.199797 0.270851 0.423905
0.232502 0.284609 0.313845
0.267381 0.284609 0.286329
0.300258 0.298366 0.258815
0.333573 0.298366 0.258815
0.365309 0.298366 0.327602
0.4005 0.312124 0.465177
0.434159 0.325881 0.533965
0.466161 0.367154 0.61651
0.501759 0.394669 0.630267
0.533339 0.422184 0.575237
0.566935 0.435941 0.533965
0.599765 0.463456 0.478935
0.632815 0.490971 0.465177
0.665614 0.518486 0.465177
0.698538 0.656062 0.602753
0.733729 0.697334 0.67154
0.768467 0.807394 0.72657
0.8 0.876182 0.72657
0.835003 0.903697 0.685297
0.866583 0.958727 0.50645
0.902025 0.958727 0.437662
0.933636 0.972485 0.355117
0.965575 0.986242 0.313845
1 1 0.300087

Points: 0
Width: 6.92241e-43
Duration: 0
Centroid: 0 0

Points: 18
Width: 0.0266666
Duration: 126.656
Centroid: 0.797083 0.902431
0 0.601561 0.665365
0.0305329 0.624998 0.735679
0.0622687 0.624998 0.759116
0.109271 0.601561 0.782554
0.146743 0.578123 0.829429
0.211726 0.554686 0.852866
0.283586 0.531248 0.899741
0.342092 0.414061 0.923179
0.412195 0.367186 0.899741
0.476376 0.22656 0.735679
0.543949 0.109372 0.454427
0.603658 0.0624968 0.196614
0.668116 0.156247 0.0559879
0.738373 0.273435 0.00911395
0.805607 0.554686 0.00911395
0.8684 0.8125 0.0325509
0.937546 0.90625 0.0559879
1 1 0.102864

Points: 14
Width: 0.0465178
Duration: 96.0742
Centroid: 0.931339 0.925268
0 0.485604 0.685221
0.0427323 0.499039 0.712093
0.104086 0.499039 0.738964
0.145558 0.499039 0.738964
0.217971 0.499039 0.7524
0.309656 0.499039 0.7524
0.393942 0.499039 0.738964
0.480138 0.485604 0.631478
0.563041 0.458732 0.47025
0.651393 0.445296 0.389636
0.736735 0.445296 0.228407
0.82842 0.499039 0.120922
0.918276 0.566218 0.0403074
1 0.619961 0

Points: 23
Width: 0.0313045
Duration: 173.5
Centroid: 0.0767935 0.895054
0 0.371528 0.678817
0.0384321 0.311633 0.658851
0.057029 0.311633 0.638887
0.0866805 0.291667 0.638887
0.135469 0.291667 0.618922
0.186487 0.351563 0.598956
0.230885 0.471354 0.598956
0.278773 0.53125 0.598956
0.326324 0.651041 0.658851
0.377342 0.710937 0.738712
0.422798 0.730902 0.818574
0.46866 0.671006 0.858504
0.518484 0.631076 0.858504
0.568219 0.491319 0.838538
0.616084 0.371528 0.698783
0.663229 0.311633 0.479165
0.711163 0.291667 0.259548
0.760537 0.311633 0.179687
0.806691 0.411459 0.059896
0.854129 0.551215 0
0.901162 0.710937 0
0.951572 0.810762 0
1 0.910588 0.0199657

Points: 22
Width: 0.024375
Duration: 163.902
Centroid: 0.189375 0.895739
0 0.564102 0.587413
0.0235706 0.51282 0.689977
0.0601778 0.461538 0.74126
0.0857027 0.435897 0.792541
0.137611 0.410256 0.843825
0.188875 0.384615 0.895107
0.237708 0.333333 0.895107
0.289306 0.205128 0.689977
0.34212 0.179487 0.536131
0.390238 0.153846 0.27972
0.438666 0.179487 0.125874
0.492028 0.230769 0.100234
0.54365 0.358974 0.151515
0.594747 0.51282 0.356644
0.642889 0.615384 0.561773
0.695345 0.641026 0.664337
0.746085 0.641026 0.664337
0.798255 0.666667 0.51049
0.851021 0.74359 0.331003
0.898615 0.846154 0.228438
0.949832 0.923077 0.177156
1 1 0.177156

Points: 20
Width: 0.0255625
Duration: 148.855
Centroid: 0.308188 0.898313
0 0.266502 0.704157
0.0387068 0.315403 0.753056
0.0653948 0.315403 0.753056
0.106542 0.315403 0.728606
0.164301 0.315403 0.679707
0.222006 0.315403 0.606357
0.277797 0.290953 0.337408
0.330097 0.290953 0.239608
0.389902 0.290953 0.239608
0.441625 0.315403 0.288508
0.496707 0.364302 0.459658
0.552208 0.437652 0.655257
0.60973 0.486552 0.704157
0.666439 0.584351 0.753056
0.723122 0.682151 0.679707
0.776576 0.77995 0.508557
0.833102 0.8044 0.435207
0.889417 0.87775 0.264059
0.947647 0.9511 0.117358
1 1 0.0929088

Points: 21
Width: 0.0243453
Duration: 157.996
Centroid: 0.418929 0.898095
0 0.23961 0.693152
0.0366158 0.290955 0.693152
0.0619082 0.290955 0.66748
0.105991 0.290955 0.641807
0.155265 0.316627 0.616135
0.213489 0.393643 0.564791
0.265632 0.522005 0.564791
0.315771 0.676039 0.590463
0.369174 0.727383 0.641807
0.421342 0.778728 0.744496
0.477217 0.753055 0.847186
0.527555 0.650366 0.89853
0.578189 0.47066 0.821513
0.633471 0.393643 0.718824
0.686775 0.23961 0.436429
0.738918 0.23961 0.205379
0.787871 0.265282 0.128362
0.843474 0.547677 0
0.897792 0.650366 0
0.94813 0.830072 0
1 0.932761 0.0256729

Points: 19
Width: 0.0332237
Duration: 135.039
Centroid: 0.550526 0.906316
0 0.341584 0.630692
0.028464 0.341584 0.649504
0.058085 0.341584 0.649504
0.102256 0.341584 0.649504
0.135349 0.341584 0.593069
0.200347 0.341584 0.536633
0.265606 0.341584 0.442574
0.320336 0.39802 0.21683
0.386404 0.416832 0.160395
0.448828 0.435643 0.122772
0.509864 0.454456 0.160395
0.568614 0.454456 0.329702
0.626728 0.473267 0.499009
0.693839 0.510891 0.574256
0.755539 0.586138 0.668316
0.813943 0.717822 0.687127
0.876945 0.774258 0.687127
0.937373 0.887129 0.649504
1 1 0.593069

