Points: 32
Width: 0.299635
Duration: 517.669
Centroid: 0.483385 0.542031
0 0.458196 1
0.00757155 0.458196 0.994438
0.0246634 0.458196 0.963845
0.0408919 0.458196 0.899878
0.0572124 0.458196 0.791413
0.0741623 0.458196 0.705197
0.0912322 0.458196 0.599513
0.108006 0.458196 0.491048
0.124932 0.458196 0.390926
0.141315 0.458196 0.307492
0.157904 0.477664 0.243525
0.174634 0.49157 0.20737
0.191596 0.513819 0.18234
0.208262 0.533287 0.173996
0.22532 0.552755 0.171215
0.241803 0.566661 0.18234
0.25841 0.583348 0.204589
0.275289 0.594473 0.2324
0.29205 0.602816 0.257431
0.309336 0.608378 0.27968
0.326301 0.611159 0.299148
0.343253 0.613941 0.310273
0.359628 0.613941 0.315835
0.844354 0.349731 0.644012
0.8827 0.352512 0.644012
0.899809 0.380323 0.644012
0.916325 0.422041 0.644012
0.932858 0.452633 0.644012
0.949614 0.497132 0.644012
0.966634 0.5166 0.644012
0.98284 0.538849 0.644012
1 0.544412 0.644012

Points: 34
Width: 0.287941
Duration: 319.19
Centroid: 0.431618 0.548726
0 0.424838 0.997106
0.00829431 0.421944 1
0.13728 0.421944 0.997106
0.165229 0.421944 0.976847
0.191215 0.421944 0.93633
0.219076 0.421944 0.832142
0.245843 0.421944 0.701907
0.271272 0.421944 0.580354
0.298548 0.421944 0.447225
0.325196 0.421944 0.360401
0.352904 0.421944 0.31699
0.379535 0.421944 0.279366
0.406422 0.421944 0.262002
0.434255 0.421944 0.259108
0.462227 0.421944 0.256214
0.513296 0.421944 0.259108
0.540615 0.421944 0.279366
0.567424 0.421944 0.319884
0.594323 0.430626 0.363296
0.62166 0.456673 0.406707
0.648982 0.488509 0.455907
0.67595 0.51745 0.484848
0.702412 0.549285 0.510895
0.72905 0.578226 0.519578
0.75579 0.601379 0.522472
0.782931 0.615849 0.522472
0.810133 0.624532 0.510895
0.837653 0.636108 0.490636
0.863891 0.641896 0.458801
0.89177 0.644791 0.421178
0.918523 0.647685 0.374872
0.945441 0.653473 0.328566
0.972546 0.656367 0.293837
1 0.659261 0.273578

Points: 36
Width: 0.125509
Duration: 336.575
Centroid: 0.476574 0.503843
0 0.188307 0.617484
0.130308 0.194947 0.617484
0.156583 0.254703 0.617484
0.182073 0.341018 0.604205
0.20767 0.447252 0.584286
0.233621 0.533567 0.564367
0.259624 0.619882 0.551088
0.286063 0.672999 0.551088
0.311129 0.706197 0.551088
0.336558 0.726116 0.551088
0.361244 0.746035 0.564367
0.387437 0.746035 0.597565
0.412555 0.746035 0.630763
0.438418 0.746035 0.670601
0.46328 0.712836 0.710439
0.489344 0.679638 0.750276
0.514771 0.639801 0.776835
0.540465 0.599963 0.783474
0.566263 0.540206 0.790114
0.591708 0.487089 0.790114
0.616928 0.433973 0.790114
0.641514 0.387495 0.763555
0.667303 0.334378 0.730357
0.692789 0.30118 0.68388
0.717772 0.267982 0.610844
0.74341 0.248063 0.531169
0.769463 0.234784 0.405016
0.794291 0.234784 0.285503
0.819029 0.248063 0.17263
0.845582 0.30782 0.0796753
0.870873 0.394135 0.0265584
0.896377 0.487089 0.00663961
0.922541 0.580044 0
0.948278 0.679638 0
0.974097 0.746035 0.0132792
1 0.785872 0.0265584

Points: 0
Width: 6.20661e-36
Duration: 1.4013e-45
Centroid: 0 0

Points: 37
Width: 0.191982
Duration: 354.717
Centroid: 0.511847 0.498649
0 0.425739 0.794345
0.134862 0.425739 0.785664
0.160069 0.425739 0.733576
0.183298 0.425739 0.638081
0.207143 0.425739 0.520882
0.231454 0.425739 0.38198
0.255754 0.421398 0.260441
0.279792 0.421398 0.177968
0.303782 0.421398 0.095495
0.327902 0.421398 0.0477475
0.351852 0.421398 0.0173627
0.376006 0.421398 0.00434068
0.401055 0.421398 0
0.438547 0.421398 0.0173627
0.463868 0.417058 0.0737916
0.488716 0.412717 0.160605
0.512084 0.412717 0.286485
0.535766 0.412717 0.416706
0.560414 0.412717 0.538245
0.584788 0.417058 0.646762
0.609504 0.438761 0.711873
0.633402 0.469146 0.768301
0.65843 0.499531 0.803027
0.682407 0.534256 0.816049
0.706609 0.564641 0.816049
0.731216 0.595026 0.816049
0.755724 0.629751 0.794345
0.780292 0.660136 0.755279
0.80504 0.681839 0.707532
0.829044 0.68618 0.677147
0.852914 0.690521 0.642421
0.877476 0.690521 0.616377
0.90208 0.664477 0.599014
0.926706 0.629751 0.594674
0.951747 0.582004 0.594674
0.975703 0.551619 0.594674
1 0.521234 0.594674

Points: 35
Width: 0.112952
Duration: 319.851
Centroid: 0.527952 0.569762
0 0.590219 0.847808
0.112612 0.575463 0.847808
0.139495 0.523819 0.847808
0.166044 0.442664 0.847808
0.19286 0.331998 0.847808
0.219872 0.22871 0.847808
0.246877 0.16231 0.825674
0.274597 0.0959106 0.788786
0.302381 0.0442665 0.737142
0.328901 0.0147555 0.670742
0.355766 0 0.596965
0.38283 0 0.486299
0.409329 0 0.397766
0.436873 0.059022 0.279722
0.462833 0.154932 0.169056
0.490591 0.236088 0.110034
0.517221 0.339376 0.0436343
0.544124 0.435286 0.0215011
0.571457 0.55333 0.0141234
0.598763 0.678752 0.0141234
0.625155 0.767284 0.0657678
0.652747 0.833684 0.117412
0.679384 0.885328 0.191189
0.706321 0.914839 0.257589
0.732952 0.929595 0.323988
0.760597 0.929595 0.412521
0.787439 0.907462 0.501054
0.813542 0.863195 0.582209
0.839126 0.796796 0.641231
0.86601 0.767284 0.670742
0.892374 0.723018 0.692875
0.919257 0.700885 0.700253
0.946412 0.678752 0.700253
0.973663 0.671374 0.700253
1 0.663996 0.700253

Points: 17
Width: 0.206667
Duration: 378.113
Centroid: 0.582549 0.493333
0 0.457543 0.794355
0.097281 0.457543 0.782258
0.120675 0.457543 0.75
0.14325 0.457543 0.705645
0.165925 0.457543 0.608871
0.18884 0.461575 0.540323
0.211573 0.469639 0.451613
0.234566 0.477704 0.387097
0.256515 0.485768 0.33871
0.280014 0.489801 0.326613
0.303566 0.501897 0.306452
0.326125 0.522059 0.298387
0.348786 0.546252 0.298387
0.372663 0.570446 0.298387
0.394801 0.586575 0.302419
0.417515 0.602704 0.310484
1 0.497865 1

Points: 30
Width: 0.169445
Duration: 266.12
Centroid: 0.534722 0.556111
0 0.638525 0.92459
0.0896601 0.633606 0.92459
0.122867 0.604098 0.92459
0.154924 0.535246 0.92459
0.187269 0.461475 0.92459
0.219873 0.377869 0.919672
0.252992 0.29918 0.87541
0.285281 0.25 0.816393
0.317449 0.215574 0.752459
0.349602 0.205738 0.708197
0.381843 0.205738 0.668852
0.415527 0.205738 0.64918
0.447834 0.245082 0.629508
0.479958 0.313935 0.614754
0.513337 0.417213 0.585246
0.544401 0.510656 0.545901
0.57669 0.584426 0.511475
0.609133 0.658197 0.472131
0.64184 0.722131 0.422951
0.67483 0.781147 0.34918
0.708202 0.790983 0.280328
0.739456 0.790983 0.211475
0.771826 0.790983 0.127869
0.804728 0.751639 0.0737706
0.836922 0.692623 0.0295082
0.870231 0.604098 0.00491803
0.903217 0.530328 0
0.934996 0.451639 0.00491803
0.967417 0.387705 0.0393442
1 0.343443 0.0836066

Points: 39
Width: 0.130342
Duration: 347.718
Centroid: 0.543675 0.539914
0 0.55623 0.794426
0.080042 0.549836 0.794426
0.105515 0.511476 0.80082
0.129775 0.453935 0.80082
0.154287 0.358033 0.80082
0.178884 0.262131 0.80082
0.204441 0.172623 0.788033
0.229406 0.0959017 0.730492
0.254382 0.0511476 0.679345
0.278555 0.0191803 0.621803
0.303326 0 0.545082
0.328226 0 0.474754
0.353558 0 0.378853
0.378703 0.0127869 0.295738
0.402788 0.0639345 0.219016
0.427893 0.134262 0.142295
0.452661 0.20459 0.0975411
0.477503 0.287705 0.052787
0.502507 0.37082 0.0272133
0.527502 0.466721 0.0144264
0.551447 0.581803 0.0144264
0.576991 0.671311 0.0272133
0.601607 0.76082 0.0655739
0.626316 0.831148 0.123115
0.65152 0.882295 0.180656
0.676557 0.933443 0.250984
0.701443 0.959017 0.334098
0.726447 0.971803 0.44918
0.751123 0.971803 0.538689
0.776017 0.939836 0.61541
0.801207 0.895082 0.679345
0.826062 0.831148 0.730492
0.850625 0.773607 0.768853
0.875797 0.728853 0.794426
0.900279 0.696885 0.80082
0.925013 0.652131 0.813607
0.950121 0.626557 0.813607
0.97503 0.61377 0.82
1 0.607377 0.82

Points: 36
Width: 0.121065
Duration: 319.89
Centroid: 0.48463 0.604398
0 0.184894 0.853537
0.0370459 0.184894 0.846654
0.0651775 0.184894 0.764054
0.0915721 0.184894 0.640153
0.118272 0.184894 0.481836
0.14525 0.184894 0.323518
0.172206 0.184894 0.220268
0.199153 0.184894 0.110134
0.226735 0.184894 0.0619502
0.254424 0.184894 0.0206501
0.280981 0.184894 0.00688336
0.315316 0.184894 0
0.377517 0.184894 0.0206501
0.405435 0.184894 0.0826003
0.431927 0.198661 0.192734
0.45884 0.233078 0.323518
0.484872 0.281262 0.468069
0.511892 0.363862 0.67457
0.53934 0.439579 0.784704
0.567249 0.515296 0.874188
0.593726 0.577246 0.929255
0.620508 0.64608 0.963671
0.647523 0.701147 0.977438
0.67523 0.742447 0.977438
0.702226 0.783747 0.977438
0.73007 0.818164 0.956788
0.756776 0.859464 0.860421
0.783556 0.880114 0.784704
0.810772 0.893881 0.660803
0.837963 0.900765 0.536903
0.865099 0.907648 0.426769
0.892837 0.907648 0.337285
0.918862 0.914531 0.275335
0.945623 0.928298 0.227151
0.973022 0.948948 0.192734
1 0.969598 0.165201

Points: 0
Width: 6.20661e-36
Duration: 1.4013e-45
Centroid: 0 0

Points: 28
Width: 0.245119
Duration: 543.835
Centroid: 0.559286 0.526786
0 0.481059 0.904323
0.16144 0.477659 0.904323
0.177831 0.470859 0.904323
0.194068 0.457261 0.904323
0.209881 0.450461 0.897523
0.225563 0.443662 0.880525
0.241744 0.440262 0.829529
0.258043 0.440262 0.768334
0.273558 0.440262 0.693541
0.289326 0.46066 0.605148
0.304482 0.487858 0.499757
0.320602 0.511656 0.394366
0.336668 0.542253 0.278776
0.352662 0.562652 0.169985
0.368802 0.569451 0.108791
0.384473 0.572851 0.0543953
0.400306 0.572851 0.0305973
0.416659 0.572851 0.0135988
0.432337 0.572851 0
0.880821 0.362069 0.452161
0.889401 0.372268 0.452161
0.905103 0.409665 0.458961
0.920452 0.46406 0.46576
0.936617 0.504857 0.46576
0.953163 0.555852 0.46576
0.968408 0.58305 0.46576
0.983968 0.606848 0.46576
1 0.613647 0.46576

Points: 22
Width: 0.0771214
Duration: 244.957
Centroid: 0.495985 0.622121
0 0.331533 0.280943
0.114477 0.331533 0.259332
0.150417 0.331533 0.172888
0.185372 0.331533 0.0756387
0.220435 0.331533 0.0432223
0.254704 0.331533 0.0108055
0.289018 0.331533 0
0.505968 0.331533 0.0108055
0.542279 0.331533 0.0864441
0.57719 0.331533 0.205304
0.612277 0.331533 0.33497
0.647897 0.331533 0.464636
0.684033 0.407171 0.637523
0.718154 0.48281 0.745578
0.754409 0.569254 0.842828
0.790712 0.655697 0.918466
0.826727 0.709725 0.950882
0.859693 0.774558 0.983299
0.894868 0.81778 0.994104
0.929783 0.850196 0.994104
0.96546 0.871807 0.994104
1 0.882613 0.994104

Points: 38
Width: 0.128202
Duration: 314.344
Centroid: 0.511404 0.608202
0 0.566028 0.806021
0.00810841 0.566028 0.812521
0.0363014 0.566028 0.819021
0.0630841 0.566028 0.825521
0.0912864 0.533527 0.838522
0.118448 0.494526 0.838522
0.145799 0.436024 0.838522
0.173887 0.384023 0.838522
0.201371 0.332022 0.812521
0.228583 0.26702 0.75402
0.257099 0.234519 0.708518
0.283269 0.208519 0.624016
0.31086 0.189018 0.533014
0.3384 0.189018 0.442012
0.366454 0.189018 0.351009
0.394205 0.189018 0.227506
0.422315 0.228019 0.149504
0.449038 0.293021 0.0845021
0.477303 0.364523 0.0520013
0.504306 0.436024 0.0195005
0.531042 0.507526 0.00650016
0.55771 0.579028 0
0.584657 0.63103 0
0.61298 0.689531 0.039001
0.639937 0.728532 0.117003
0.667316 0.761033 0.195005
0.694186 0.780533 0.292508
0.721944 0.787033 0.38351
0.750034 0.787033 0.455012
0.778339 0.767533 0.546014
0.806467 0.715532 0.598015
0.83329 0.65703 0.650017
0.860663 0.624529 0.669517
0.888141 0.585528 0.708518
0.915977 0.553027 0.728019
0.943334 0.540027 0.741019
0.971763 0.540027 0.747519
1 0.533527 0.747519

Points: 53
Width: 0.152296
Duration: 457.452
Centroid: 0.550786 0.603962
0 0.163638 0.727751
0.00837477 0.163638 0.711336
0.0277949 0.163638 0.645674
0.0464999 0.163638 0.552653
0.0649039 0.163638 0.415858
0.0839782 0.163638 0.311893
0.102438 0.163638 0.186042
0.121832 0.163638 0.093021
0.141199 0.163638 0.0437745
0.159742 0.163638 0.0164154
0.178515 0.163638 0.00547181
0.198238 0.163638 0
0.244405 0.163638 0.0109436
0.263823 0.163638 0.0492463
0.28252 0.163638 0.147739
0.301447 0.163638 0.262647
0.320436 0.190998 0.42133
0.33923 0.240244 0.574541
0.358431 0.305906 0.722279
0.377806 0.34968 0.798885
0.396857 0.387983 0.848132
0.415619 0.426286 0.870019
0.434378 0.448173 0.870019
0.453416 0.47006 0.859075
0.472552 0.491947 0.787941
0.492053 0.508363 0.711336
0.511153 0.519307 0.612843
0.528806 0.524778 0.547182
0.547494 0.53025 0.497935
0.566235 0.53025 0.476048
0.585198 0.53025 0.465104
0.604356 0.535722 0.465104
0.622659 0.546666 0.492463
0.642039 0.574025 0.563597
0.660552 0.595912 0.629259
0.679464 0.634215 0.705864
0.698622 0.672517 0.760582
0.717523 0.705348 0.787941
0.736064 0.738179 0.809829
0.755501 0.760066 0.820772
0.774116 0.787425 0.820772
0.792917 0.803841 0.820772
0.811876 0.842143 0.776998
0.83034 0.869503 0.722279
0.849446 0.896862 0.634731
0.868847 0.913277 0.558125
0.887264 0.929693 0.448689
0.906025 0.935164 0.355668
0.925069 0.935164 0.284534
0.944325 0.935164 0.246232
0.962291 0.935164 0.202457
0.981043 0.940636 0.18057
1 0.940636 0.169626

Points: 0
Width: 6.20661e-36
Duration: 1.4013e-45
Centroid: 0 0

Points: 45
Width: 0.105852
Duration: 415.743
Centroid: 0.610852 0.477519
0 0.621937 0.7479
0.0153951 0.621937 0.755773
0.0362984 0.621937 0.77939
0.0575189 0.606192 0.803008
0.078831 0.582574 0.834499
0.099685 0.535339 0.858117
0.119886 0.48023 0.873862
0.139645 0.417249 0.873862
0.160638 0.314905 0.873862
0.181267 0.244051 0.873862
0.201782 0.14958 0.842372
0.221972 0.0787262 0.763645
0.242403 0.0472357 0.684919
0.262919 0.0157452 0.582575
0.283296 0 0.480231
0.30368 0 0.377887
0.324229 0 0.291288
0.345306 0.00787262 0.212562
0.365455 0.0472357 0.141708
0.386859 0.0787262 0.110217
0.407403 0.133835 0.102345
0.428114 0.212561 0.102345
0.448975 0.307032 0.141708
0.470479 0.440867 0.244052
0.490528 0.551084 0.354269
0.511812 0.62981 0.440868
0.533178 0.692791 0.527467
0.553607 0.724282 0.56683
0.57432 0.740027 0.606193
0.595122 0.755772 0.629811
0.615166 0.755772 0.661301
0.636288 0.755772 0.677046
0.65651 0.755772 0.677046
0.771731 0.755772 0.661301
0.793036 0.755772 0.614065
0.813613 0.755772 0.543212
0.834222 0.755772 0.440868
0.855217 0.755772 0.354269
0.87645 0.763645 0.26767
0.896479 0.77939 0.228307
0.91777 0.803008 0.204689
0.938272 0.826626 0.188944
0.958954 0.850244 0.173199
0.979353 0.881734 0.165326
1 0.889607 0.165326

Points: 0
Width: 6.20661e-36
Duration: 1.4013e-45
Centroid: 0 0

Points: 42
Width: 0.284603
Duration: 375.615
Centroid: 0.511865 0.55873
0 0.408882 1
0.0634948 0.408882 0.997072
0.0871747 0.408882 0.970719
0.109851 0.408882 0.926799
0.132969 0.408882 0.865309
0.156181 0.408882 0.77454
0.179586 0.408882 0.680842
0.201711 0.408882 0.575432
0.225427 0.408882 0.511015
0.248291 0.408882 0.440742
0.271248 0.408882 0.390965
0.294226 0.408882 0.361684
0.317224 0.408882 0.341188
0.339615 0.408882 0.326548
0.363435 0.408882 0.326548
0.404326 0.408882 0.329476
0.427887 0.408882 0.358756
0.450604 0.423522 0.396821
0.473697 0.446946 0.449526
0.496815 0.482083 0.513943
0.520412 0.526004 0.56372
0.542755 0.555284 0.587144
0.566342 0.584565 0.595929
0.589106 0.607989 0.598857
0.611325 0.628486 0.598857
0.63513 0.643126 0.590073
0.657983 0.654838 0.569576
0.680535 0.663622 0.546152
0.701854 0.66655 0.513943
0.72428 0.66655 0.47295
0.746858 0.66655 0.431958
0.769488 0.65191 0.382181
0.79207 0.634342 0.358756
0.814903 0.613845 0.326548
0.838005 0.587493 0.303123
0.861524 0.558213 0.285555
0.885074 0.523076 0.279699
0.907314 0.493795 0.276771
0.930089 0.464515 0.276771
0.953207 0.446946 0.285555
0.976232 0.432306 0.303123
1 0.42645 0.314836

Points: 19
Width: 0.252982
Duration: 171.271
Centroid: 0.48886 0.517017
0 0.485784 1
0.139752 0.485784 0.996706
0.191662 0.485784 0.960472
0.24129 0.485784 0.901179
0.291843 0.479196 0.822122
0.341996 0.479196 0.716713
0.393997 0.479196 0.617892
0.442873 0.479196 0.509189
0.494452 0.479196 0.433426
0.544366 0.479196 0.360957
0.594576 0.48249 0.301665
0.645505 0.489078 0.268724
0.694416 0.49896 0.24896
0.746154 0.508842 0.23249
0.797915 0.522018 0.225902
0.849209 0.5319 0.225902
0.899317 0.541782 0.225902
0.948239 0.551664 0.225902
1 0.554958 0.225902

Points: 42
Width: 0.119524
Duration: 450.863
Centroid: 0.53119 0.475675
0 0.59263 0.90156
0.0706457 0.578685 0.90156
0.0903215 0.515936 0.908533
0.10927 0.460159 0.908533
0.128326 0.390438 0.915505
0.147629 0.327689 0.915505
0.167197 0.23008 0.915505
0.185807 0.167331 0.908533
0.205318 0.104582 0.831839
0.22421 0.0488049 0.692397
0.243262 0.0139442 0.532039
0.262439 0.0069721 0.427457
0.281994 0 0.288015
0.301306 0 0.176461
0.319288 0.0348605 0.120684
0.33821 0.104582 0.0858232
0.356954 0.216136 0.0649069
0.375863 0.313745 0.0649069
0.394867 0.411355 0.10674
0.415215 0.501992 0.190405
0.433747 0.585657 0.294987
0.453514 0.634462 0.392596
0.472072 0.669323 0.490206
0.490639 0.697211 0.594787
0.509925 0.704183 0.671481
0.529076 0.704183 0.727258
0.547604 0.704183 0.762118
0.567232 0.704183 0.790007
0.586826 0.704183 0.796979
0.682783 0.704183 0.790007
0.702424 0.704183 0.73423
0.721351 0.704183 0.63662
0.739943 0.704183 0.525066
0.759511 0.711155 0.420485
0.777709 0.7251 0.315903
0.797325 0.746016 0.246182
0.815965 0.766932 0.197377
0.835576 0.787849 0.169488
0.854892 0.808765 0.155544
0.873879 0.829681 0.148572
0.892879 0.843626 0.1416
1 0.836653 0.1416

Points: 23
Width: 0.141957
Duration: 204.604
Centroid: 0.524348 0.498623
0 0.672537 0.892292
0.11645 0.666667 0.892292
0.159722 0.643185 0.898162
0.202297 0.602093 0.909903
0.244089 0.55513 0.915773
0.285394 0.496427 0.915773
0.327673 0.455334 0.915773
0.366973 0.408372 0.909903
0.408555 0.337927 0.874681
0.451846 0.302705 0.810107
0.493246 0.267483 0.704441
0.534437 0.255743 0.616386
0.576296 0.244002 0.446146
0.619224 0.244002 0.322869
0.660968 0.273354 0.217203
0.702282 0.337927 0.123277
0.745812 0.425983 0.0645737
0.787489 0.514038 0.0234813
0.829529 0.619704 0.00587034
0.872658 0.713629 0
0.915022 0.789944 0
0.957024 0.825166 0.0117407
1 0.848647 0.0293517

Points: 32
Width: 0.274948
Duration: 580.766
Centroid: 0.546719 0.505052
0 0.396855 1
0.0273144 0.396855 0.996969
0.0428045 0.396855 0.969691
0.0576388 0.396855 0.93029
0.0720627 0.396855 0.872703
0.0869172 0.396855 0.772684
0.101963 0.396855 0.62114
0.116535 0.396855 0.508998
0.131521 0.396855 0.363516
0.146123 0.396855 0.23925
0.160873 0.396855 0.17257
0.175731 0.396855 0.111953
0.190999 0.396855 0.0937677
0.626513 0.615079 0.605986
0.626792 0.612048 0.605986
0.641563 0.605986 0.596893
0.656236 0.58477 0.581739
0.67105 0.554461 0.557492
0.68614 0.51809 0.524152
0.701098 0.496874 0.502936
0.71604 0.475658 0.490813
0.731493 0.460504 0.478689
0.746408 0.454442 0.475658
0.881373 0.457473 0.472627
0.896584 0.475658 0.460504
0.911297 0.499905 0.439288
0.926225 0.533245 0.405948
0.941231 0.593862 0.3423
0.956039 0.660542 0.27562
0.970247 0.712067 0.221065
0.984782 0.751468 0.17257
1 0.778746 0.1362

Points: 0
Width: 6.20661e-36
Duration: 1.4013e-45
Centroid: 0 0

Points: 41
Width: 0.0986585
Duration: 392.219
Centroid: 0.491342 0.581626
0 0.104655 0.795839
0.101571 0.104655 0.787392
0.123511 0.104655 0.719819
0.145297 0.104655 0.618459
0.167193 0.104655 0.500206
0.189283 0.104655 0.407293
0.211691 0.104655 0.331273
0.233537 0.104655 0.297486
0.25613 0.104655 0.280593
0.277797 0.129995 0.280593
0.299717 0.163782 0.280593
0.321767 0.197569 0.280593
0.344171 0.239802 0.297486
0.366325 0.282035 0.348166
0.388853 0.324268 0.441079
0.410625 0.358055 0.550886
0.432655 0.374948 0.610013
0.45456 0.400288 0.652246
0.477248 0.400288 0.669139
0.499218 0.408735 0.677586
0.540151 0.408735 0.669139
0.562754 0.425628 0.618459
0.584475 0.459415 0.533993
0.606585 0.510095 0.424186
0.629392 0.552328 0.33972
0.651089 0.594561 0.272146
0.672183 0.628348 0.229913
0.694028 0.670581 0.221467
0.715575 0.704368 0.21302
0.737297 0.755047 0.23836
0.759332 0.814174 0.31438
0.78063 0.864854 0.398846
0.802411 0.92398 0.500206
0.823764 0.97466 0.601566
0.8456 0.991553 0.660692
0.868019 1 0.711372
0.88965 1 0.728265
0.912363 1 0.736712
0.934836 1 0.745159
0.978548 1 0.753605
1 1 0.762052

Points: 17
Width: 0.223922
Duration: 377.002
Centroid: 0.556667 0.497745
0 0.45162 0.869746
0.0309442 0.45162 0.866024
0.0546872 0.45162 0.825087
0.0772542 0.45162 0.765543
0.100034 0.45162 0.672504
0.123139 0.45162 0.560858
0.14624 0.45162 0.445491
0.169304 0.45162 0.374781
0.192545 0.45162 0.311515
0.215112 0.455342 0.2743
0.237964 0.477671 0.255692
0.261034 0.507443 0.244527
0.284202 0.563266 0.244527
0.307162 0.615368 0.244527
0.329517 0.656305 0.259413
0.351882 0.689799 0.285464
1 0.470228 1

Points: 49
Width: 0.191667
Duration: 483.119
Centroid: 0.619422 0.666667
0 0.410204 0.452174
0.0988005 0.405856 0.452174
0.117248 0.397161 0.452174
0.134918 0.384117 0.452174
0.152702 0.366726 0.443478
0.17043 0.331943 0.386956
0.188351 0.323248 0.352174
0.206499 0.3189 0.308695
0.223252 0.3189 0.256521
0.241517 0.3189 0.217391
0.259144 0.3189 0.182608
0.276346 0.327595 0.160869
0.294316 0.340639 0.152174
0.312055 0.362378 0.13913
0.32956 0.392813 0.134782
0.347045 0.414552 0.134782
0.36535 0.45803 0.169565
0.382682 0.510204 0.247826
0.40047 0.549335 0.330435
0.418444 0.592813 0.443478
0.436082 0.631943 0.556522
0.454271 0.644987 0.643478
0.471731 0.653683 0.734782
0.490016 0.653683 0.804348
0.507736 0.653683 0.860869
0.525851 0.644987 0.913043
0.543397 0.631943 0.947826
0.5615 0.623248 0.973913
0.579094 0.6189 0.991304
0.597291 0.610204 1
0.678594 0.605856 1
0.696904 0.597161 0.995652
0.714684 0.579769 0.969565
0.732815 0.549335 0.934783
0.75051 0.5189 0.882609
0.768771 0.497161 0.834783
0.786091 0.479769 0.773913
0.804348 0.471074 0.704348
0.822047 0.466726 0.634783
0.839847 0.466726 0.565217
0.857805 0.466726 0.469565
0.876013 0.484117 0.386956
0.893914 0.5189 0.291304
0.911177 0.549335 0.230434
0.928848 0.579769 0.156521
0.947113 0.592813 0.126087
0.964537 0.610204 0.0956518
0.982358 0.623248 0.0826083
1 0.631943 0.0695649

Points: 46
Width: 0.115906
Duration: 443.75
Centroid: 0.573696 0.629239
0 0.275555 0.740544
0.00685739 0.246796 0.740544
0.16162 0.246796 0.726165
0.181673 0.246796 0.704596
0.20081 0.246796 0.661457
0.219903 0.246796 0.5608
0.239617 0.246796 0.488903
0.259313 0.246796 0.445765
0.278622 0.246796 0.323539
0.298578 0.246796 0.258831
0.317768 0.275555 0.194123
0.336884 0.304314 0.136605
0.356303 0.340263 0.0934666
0.376166 0.383401 0.0575179
0.395713 0.448109 0.028759
0.4157 0.505627 0.00718974
0.434982 0.563145 0
0.454085 0.627853 0
0.473706 0.670991 0
0.493596 0.70694 0.0359487
0.513099 0.757268 0.100656
0.532971 0.800406 0.172554
0.552196 0.843545 0.251641
0.571593 0.865114 0.323539
0.591224 0.893873 0.402626
0.610929 0.901063 0.474523
0.630973 0.908253 0.546421
0.650832 0.908253 0.596749
0.668895 0.872304 0.654267
0.688006 0.814786 0.697406
0.70757 0.771647 0.726165
0.726188 0.721319 0.754924
0.746131 0.670991 0.776493
0.765445 0.627853 0.798062
0.785114 0.591904 0.805252
0.80419 0.527196 0.812442
0.82349 0.484057 0.812442
0.842839 0.440919 0.812442
0.862636 0.390591 0.812442
0.882412 0.340263 0.805252
0.902386 0.297124 0.798062
0.921127 0.268365 0.790872
0.941118 0.253985 0.783683
0.960462 0.246796 0.776493
0.980189 0.239606 0.762113
1 0.239606 0.747734

Points: 54
Width: 0.174074
Duration: 513.512
Centroid: 0.502593 0.536173
0 0.0904251 0.870035
0.00139968 0.0856378 0.860461
0.0180741 0.0808506 0.846099
0.034836 0.0808506 0.82695
0.052039 0.0760633 0.798227
0.0691356 0.0712761 0.764716
0.085133 0.0664889 0.716844
0.1025 0.0664889 0.664184
0.119071 0.0664889 0.60195
0.135883 0.0664889 0.530141
0.152614 0.0664889 0.472695
0.169931 0.0664889 0.410461
0.186001 0.0712761 0.362588
0.203265 0.0904251 0.324291
0.219825 0.114361 0.29078
0.236538 0.157446 0.266844
0.25349 0.200532 0.257269
0.270518 0.253191 0.247695
0.287337 0.296276 0.23812
0.304627 0.353723 0.23812
0.321123 0.382447 0.262056
0.338277 0.425532 0.324291
0.355286 0.454255 0.386525
0.371876 0.468617 0.443971
0.387931 0.482978 0.506205
0.404149 0.492553 0.534929
0.420447 0.492553 0.549291
0.43857 0.49734 0.558865
0.497843 0.49734 0.554078
0.515115 0.49734 0.534929
0.531763 0.502127 0.506205
0.548521 0.516489 0.46312
0.565735 0.540425 0.420035
0.582478 0.569149 0.367376
0.598673 0.612234 0.324291
0.615846 0.650532 0.295567
0.63219 0.684042 0.281205
0.648681 0.727127 0.276418
0.665276 0.770213 0.276418
0.681905 0.832447 0.285993
0.698716 0.865957 0.309929
0.715615 0.91383 0.353014
0.732711 0.952128 0.391312
0.748914 0.971277 0.42961
0.766304 0.990426 0.467907
0.782944 1 0.530141
0.799793 1 0.606737
0.816707 0.995213 0.664184
0.833815 0.985638 0.707269
0.850166 0.971277 0.745567
0.867506 0.966489 0.759929
0.884051 0.961702 0.764716
0.982755 0.956915 0.764716
1 0.952128 0.764716

Points: 0
Width: 6.20661e-36
Duration: 1.4013e-45
Centroid: 0 0

Points: 43
Width: 0.163915
Duration: 418.104
Centroid: 0.455853 0.557248
0 0.75668 0.925277
0.155128 0.751596 0.925277
0.175962 0.741428 0.925277
0.196194 0.726176 0.925277
0.2165 0.695673 0.925277
0.236685 0.624498 0.925277
0.257417 0.56349 0.925277
0.278522 0.487231 0.925277
0.298371 0.410972 0.899858
0.319813 0.365216 0.879522
0.340091 0.319461 0.849018
0.360715 0.278789 0.823599
0.381854 0.25337 0.793095
0.401576 0.233034 0.762591
0.422616 0.222866 0.732088
0.443843 0.217782 0.691416
0.464233 0.217782 0.655829
0.484783 0.217782 0.635493
0.505608 0.222866 0.610073
0.526634 0.248286 0.589737
0.547127 0.304209 0.55415
0.568237 0.360133 0.533814
0.588665 0.44656 0.508394
0.609163 0.507567 0.493142
0.630227 0.573658 0.472807
0.651748 0.649917 0.432135
0.672059 0.685505 0.401631
0.691305 0.73126 0.345708
0.711887 0.75668 0.299953
0.731899 0.766848 0.254197
0.752332 0.771932 0.213526
0.772952 0.777016 0.177938
0.793646 0.777016 0.137266
0.813901 0.75668 0.096595
0.834086 0.73126 0.0559235
0.855215 0.685505 0.0254197
0.87554 0.629582 0.00508394
0.896062 0.527903 0
0.916994 0.436392 0
0.93774 0.344881 0.0203357
0.958327 0.283873 0.0355876
0.979679 0.243202 0.0457556
1 0.197446 0.0660914

Points: 51
Width: 0.211732
Duration: 444.521
Centroid: 0.479869 0.523399
0 0.397978 0.763544
0.0088842 0.397978 0.763544
0.0280147 0.397978 0.751736
0.046987 0.397978 0.735993
0.0683363 0.397978 0.712378
0.0854808 0.397978 0.684828
0.104185 0.397978 0.653342
0.123166 0.397978 0.602176
0.142877 0.397978 0.543139
0.161801 0.397978 0.452616
0.181836 0.397978 0.34635
0.201006 0.397978 0.232212
0.22044 0.397978 0.173175
0.239144 0.397978 0.0944591
0.258692 0.397978 0.055101
0.27842 0.397978 0.0196789
0.298464 0.397978 0.00393579
0.318447 0.397978 0
0.378198 0.397978 0.00393579
0.398146 0.397978 0.0275505
0.417391 0.397978 0.0787159
0.436829 0.394042 0.141689
0.456289 0.386171 0.216469
0.475098 0.386171 0.303056
0.494778 0.386171 0.393579
0.513667 0.394042 0.484102
0.533197 0.413721 0.539203
0.552402 0.4334 0.610048
0.571854 0.457015 0.661213
0.591252 0.48063 0.704507
0.610967 0.504245 0.743865
0.62979 0.531795 0.771415
0.649764 0.559346 0.783223
0.668868 0.594768 0.79503
0.688302 0.63019 0.79503
0.707261 0.665612 0.79503
0.726716 0.697098 0.779287
0.746422 0.720713 0.759608
0.766128 0.740392 0.728122
0.785145 0.748264 0.696635
0.804983 0.748264 0.661213
0.82417 0.744328 0.633663
0.843507 0.728585 0.610048
0.863099 0.708906 0.578561
0.883029 0.677419 0.551011
0.902208 0.641997 0.531332
0.921971 0.610511 0.515589
0.941137 0.579025 0.507717
0.960443 0.547538 0.503781
0.980017 0.519988 0.503781
1 0.512116 0.503781

Points: 24
Width: 0.203125
Duration: 452.98
Centroid: 0.522917 0.515208
0 0.435385 0.807179
0.0348991 0.435385 0.803077
0.0545562 0.435385 0.782564
0.0732949 0.435385 0.737436
0.0922881 0.435385 0.688205
0.112277 0.431282 0.634872
0.130516 0.431282 0.573333
0.149578 0.431282 0.524103
0.168364 0.431282 0.483077
0.186879 0.431282 0.442051
0.205863 0.431282 0.413333
0.22483 0.435385 0.384615
0.243371 0.451795 0.36
0.262717 0.464103 0.339487
0.281857 0.480513 0.32718
0.301458 0.505128 0.318974
0.320283 0.537949 0.314872
0.339255 0.578974 0.314872
0.358377 0.62 0.318974
0.377681 0.648718 0.335385
0.396695 0.669231 0.347692
0.416202 0.693846 0.368205
0.435022 0.702051 0.380513
1 0.447692 1

Points: 53
Width: 0.199371
Duration: 445.701
Centroid: 0.532893 0.552296
0 0.526183 0.464984
0.0120246 0.526183 0.469164
0.0312666 0.513644 0.477524
0.0511089 0.492744 0.481703
0.0711353 0.459306 0.485883
0.0898908 0.430047 0.485883
0.109497 0.400789 0.485883
0.128392 0.37153 0.485883
0.147122 0.342271 0.473344
0.166495 0.304653 0.444085
0.185421 0.275394 0.398107
0.204992 0.250315 0.34795
0.223783 0.225237 0.276893
0.243533 0.216877 0.222555
0.262639 0.216877 0.176577
0.281802 0.216877 0.134779
0.301263 0.225237 0.1097
0.321163 0.262855 0.0929812
0.34051 0.308833 0.0804418
0.360492 0.36317 0.076262
0.379704 0.409148 0.076262
0.398876 0.459306 0.097161
0.417587 0.501104 0.138959
0.437184 0.538722 0.210016
0.456799 0.576341 0.306152
0.476295 0.613959 0.427366
0.495326 0.639038 0.5653
0.515287 0.655757 0.678155
0.534012 0.664117 0.78265
0.553359 0.668296 0.862066
0.572759 0.668296 0.916404
0.592404 0.668296 0.949842
0.612089 0.659937 0.970741
0.632439 0.647397 0.987461
0.651589 0.634858 0.99582
0.669718 0.630678 1
0.689271 0.622318 1
0.708938 0.609779 1
0.728561 0.601419 0.99582
0.748299 0.5847 0.954022
0.767409 0.567981 0.874606
0.786647 0.555442 0.78683
0.805893 0.542902 0.715773
0.825503 0.538722 0.627997
0.845135 0.538722 0.55276
0.864907 0.542902 0.477524
0.883917 0.559621 0.419006
0.903124 0.576341 0.368849
0.92266 0.59724 0.314511
0.941696 0.613959 0.251814
0.961328 0.622318 0.197476
0.980066 0.626498 0.172398
1 0.634858 0.155678

Points: 39
Width: 0.133932
Duration: 388.504
Centroid: 0.509231 0.507265
0 0.266433 0.454212
0.177514 0.272655 0.454212
0.200267 0.303765 0.454212
0.222347 0.334876 0.454212
0.244623 0.384652 0.454212
0.267025 0.46554 0.454212
0.289537 0.533982 0.454212
0.312014 0.596203 0.466656
0.334461 0.633536 0.503989
0.357074 0.670868 0.541321
0.379063 0.695757 0.59732
0.401103 0.714423 0.647096
0.423525 0.726867 0.703095
0.446022 0.733089 0.74665
0.468419 0.733089 0.77776
0.491665 0.733089 0.808871
0.513609 0.708201 0.827537
0.534618 0.670868 0.86487
0.556291 0.621092 0.883536
0.578627 0.577537 0.89598
0.600833 0.533982 0.89598
0.622566 0.490428 0.89598
0.645173 0.453095 0.871092
0.667148 0.409541 0.802649
0.689263 0.384652 0.752872
0.711413 0.341098 0.647096
0.732854 0.31621 0.578654
0.755548 0.291321 0.4791
0.776939 0.278877 0.385769
0.799914 0.278877 0.292438
0.821893 0.278877 0.205329
0.844033 0.309988 0.130664
0.866686 0.353542 0.080887
0.889259 0.397097 0.0311104
0.910841 0.453095 0.00622208
0.93369 0.521538 0
0.955659 0.602426 0
0.977699 0.67709 0
1 0.751755 0

Points: 32
Width: 0.147396
Duration: 299.771
Centroid: 0.524583 0.462396
0 0.337456 0.831095
0.0658575 0.337456 0.819788
0.0956197 0.337456 0.774558
0.12404 0.337456 0.684099
0.152727 0.337456 0.604947
0.181701 0.337456 0.469258
0.211098 0.337456 0.344876
0.239284 0.337456 0.209187
0.268916 0.337456 0.124382
0.29716 0.337456 0.0678445
0.325424 0.337456 0.0226148
0.354723 0.34311 0.0113074
0.383906 0.34311 0
0.479753 0.34311 0.0113074
0.509288 0.34311 0.0395759
0.537871 0.348763 0.0904593
0.566571 0.371378 0.186572
0.595558 0.393993 0.288339
0.625255 0.439223 0.401413
0.652939 0.501413 0.531449
0.682414 0.540989 0.610601
0.710841 0.580565 0.678445
0.739502 0.620141 0.723675
0.768463 0.654064 0.751943
0.797763 0.687986 0.791519
0.826502 0.738869 0.825442
0.855841 0.767138 0.842403
0.884293 0.80106 0.848056
0.912876 0.834982 0.85371
0.941798 0.863251 0.85371
0.971378 0.880212 0.85371
1 0.891519 0.85371

Points: 0
Width: 6.20661e-36
Duration: 1.4013e-45
Centroid: 0 0

Points: 24
Width: 0.261111
Duration: 419.965
Centroid: 0.54875 0.450556
0 0.454521 0.795745
0.0377357 0.454521 0.792553
0.0588684 0.454521 0.776596
0.0791919 0.45133 0.747872
0.0992178 0.45133 0.703191
0.119718 0.45133 0.645745
0.1406 0.448138 0.57234
0.162095 0.448138 0.492553
0.182456 0.448138 0.441489
0.202612 0.448138 0.4
0.222721 0.448138 0.374468
0.242664 0.448138 0.355319
0.263471 0.454521 0.342553
0.284306 0.467287 0.332979
0.304267 0.483245 0.329787
0.325455 0.502394 0.326596
0.345806 0.524734 0.326596
0.366288 0.553457 0.33617
0.386891 0.585372 0.352128
0.40793 0.614096 0.368085
0.427854 0.633245 0.384042
0.449005 0.646011 0.396808
0.469273 0.652394 0.406383
1 0.476862 1

Points: 33
Width: 0.168687
Duration: 324.879
Centroid: 0.441364 0.585353
0 0.817066 0.913922
0.174127 0.807186 0.913922
0.201698 0.792365 0.913922
0.22797 0.752844 0.913922
0.25441 0.663922 0.913922
0.280393 0.56512 0.913922
0.307675 0.446557 0.904042
0.334319 0.332934 0.859581
0.361757 0.258832 0.81512
0.387957 0.199551 0.775599
0.414301 0.16991 0.736078
0.441078 0.15509 0.696557
0.468011 0.150149 0.661976
0.494487 0.150149 0.637276
0.521841 0.16497 0.602695
0.548065 0.214371 0.568114
0.574457 0.283533 0.523653
0.601318 0.367515 0.489072
0.628119 0.461377 0.454491
0.654318 0.55524 0.41991
0.68166 0.614521 0.39027
0.707848 0.693563 0.340868
0.733951 0.733084 0.291467
0.76044 0.757784 0.237126
0.786976 0.767665 0.197605
0.814125 0.772605 0.143263
0.841323 0.767665 0.0988023
0.867487 0.718264 0.0494012
0.893686 0.663922 0.0247006
0.920571 0.56512 0
0.947649 0.476198 0
0.974305 0.372455 0.0247006
1 0.288473 0.0741018

Points: 0
Width: 6.20661e-36
Duration: 1.4013e-45
Centroid: 0 0

Points: 56
Width: 0.12497
Duration: 509.359
Centroid: 0.501637 0.567202
0 0.68683 0.917956
0.0153609 0.680162 0.924624
0.0317801 0.673493 0.931293
0.0486518 0.653489 0.931293
0.0656155 0.620147 0.937961
0.0814749 0.580138 0.937961
0.0984233 0.506787 0.937961
0.115065 0.413431 0.937961
0.132174 0.353417 0.937961
0.148555 0.293403 0.924624
0.165611 0.233389 0.897951
0.18223 0.160038 0.844605
0.199155 0.11336 0.784591
0.216019 0.080019 0.724577
0.233029 0.0333412 0.611217
0.250023 0.0133365 0.537866
0.26645 0 0.451179
0.283981 0 0.371159
0.300814 0 0.304477
0.317809 0.0400095 0.244463
0.335041 0.100024 0.184449
0.351406 0.160038 0.144439
0.36857 0.213384 0.111098
0.385924 0.273398 0.091093
0.402604 0.326744 0.0844248
0.419468 0.373422 0.0844248
0.436585 0.440105 0.111098
0.453097 0.500119 0.164444
0.470613 0.53346 0.224458
0.487929 0.580138 0.311145
0.504325 0.613479 0.391164
0.521159 0.640152 0.464515
0.538375 0.653489 0.524529
0.555193 0.673493 0.577875
0.572594 0.673493 0.631221
0.588277 0.673493 0.664563
0.604873 0.673493 0.71124
0.622097 0.673493 0.744582
0.63788 0.680162 0.764586
0.654598 0.680162 0.777923
0.745721 0.680162 0.757918
0.763137 0.680162 0.71124
0.779863 0.680162 0.63789
0.796804 0.680162 0.551203
0.813859 0.693498 0.424506
0.830555 0.713503 0.357823
0.847419 0.726839 0.264468
0.864911 0.740176 0.21779
0.881185 0.746844 0.184449
0.89808 0.760181 0.171112
0.915711 0.760181 0.157776
0.932912 0.766849 0.157776
0.949799 0.766849 0.151107
0.966295 0.773517 0.144439
0.982998 0.780185 0.131103
1 0.780185 0.124434

Points: 45
Width: 0.242741
Duration: 454.941
Centroid: 0.458148 0.520593
0 0.428288 1
0.168557 0.428288 0.996567
0.188211 0.428288 0.975969
0.206938 0.428288 0.951938
0.22563 0.424855 0.883277
0.245155 0.421422 0.797452
0.264217 0.40769 0.694461
0.283356 0.397391 0.588038
0.302881 0.393958 0.512511
0.320817 0.390525 0.443851
0.339484 0.387092 0.402655
0.358296 0.387092 0.368325
0.377126 0.387092 0.35116
0.396093 0.387092 0.340861
0.414605 0.387092 0.337428
0.433237 0.383659 0.337428
0.467823 0.383659 0.340861
0.487254 0.383659 0.354593
0.505989 0.390525 0.38549
0.52487 0.411123 0.430119
0.54394 0.431721 0.474748
0.563139 0.459185 0.515944
0.581634 0.490082 0.550275
0.601185 0.514113 0.570873
0.61986 0.534711 0.581172
0.638552 0.562176 0.584605
0.658129 0.582774 0.584605
0.677216 0.603372 0.584605
0.696166 0.62397 0.577739
0.715717 0.644568 0.553708
0.733989 0.661733 0.529676
0.752921 0.672032 0.495346
0.772009 0.682331 0.457583
0.791302 0.685764 0.41982
0.810372 0.685764 0.382057
0.829872 0.682331 0.358026
0.848564 0.668599 0.344294
0.867522 0.648001 0.323696
0.88667 0.617104 0.313396
0.905946 0.582774 0.303097
0.925299 0.538144 0.296231
0.944103 0.500381 0.296231
0.962418 0.479783 0.296231
0.981308 0.462618 0.299664
1 0.448886 0.313396

Points: 50
Width: 0.149867
Duration: 420.078
Centroid: 0.527167 0.5182
0 0.609542 0.822954
0.0148317 0.603981 0.822954
0.0356333 0.5873 0.822954
0.055477 0.565058 0.822954
0.0757486 0.537255 0.822954
0.0966989 0.498332 0.822954
0.116952 0.448287 0.822954
0.137233 0.409364 0.822954
0.157783 0.376001 0.822954
0.178613 0.331517 0.822954
0.199284 0.287033 0.795151
0.22055 0.242549 0.756228
0.240524 0.198065 0.706183
0.261168 0.164702 0.661699
0.281746 0.125778 0.594973
0.302278 0.0924154 0.533808
0.323163 0.0757339 0.461521
0.344281 0.0757339 0.394795
0.364497 0.0757339 0.33919
0.384871 0.0757339 0.283585
0.40544 0.109097 0.22798
0.426613 0.14802 0.177936
0.44721 0.203625 0.133452
0.468272 0.264791 0.0945284
0.488618 0.359319 0.0500444
0.509066 0.409364 0.0278025
0.53011 0.47609 0.011121
0.550651 0.548376 0
0.570904 0.603981 0
0.590022 0.654026 0.011121
0.611345 0.70963 0.0611654
0.631644 0.742994 0.105649
0.651664 0.787478 0.166815
0.672122 0.80972 0.239101
0.692282 0.831961 0.305827
0.712637 0.843082 0.372553
0.732881 0.843082 0.428158
0.753989 0.843082 0.478203
0.774121 0.826401 0.522687
0.794681 0.804159 0.572731
0.815427 0.770796 0.617215
0.835401 0.742994 0.661699
0.856398 0.720751 0.689502
0.876251 0.70407 0.711744
0.897471 0.676268 0.739546
0.917686 0.659586 0.750667
0.938553 0.642905 0.767349
0.959094 0.631784 0.772909
0.979961 0.626223 0.772909
1 0.626223 0.772909

Points: 45
Width: 0.134333
Duration: 433.398
Centroid: 0.573074 0.509
0 0.172181 1
0.0458405 0.172181 0.98139
0.0664353 0.159774 0.913151
0.0860027 0.147367 0.807692
0.105877 0.141164 0.665012
0.12603 0.128757 0.55335
0.146273 0.128757 0.423077
0.165705 0.128757 0.330024
0.184633 0.128757 0.249379
0.2042 0.128757 0.199751
0.22384 0.141164 0.150124
0.24365 0.165977 0.119106
0.263912 0.196995 0.106699
0.283804 0.228012 0.0942922
0.302974 0.271437 0.0818853
0.322893 0.302454 0.0818853
0.342902 0.358285 0.0880888
0.362605 0.414117 0.137717
0.38247 0.482355 0.212158
0.40256 0.54439 0.299007
0.422929 0.606425 0.416873
0.442217 0.656052 0.534739
0.462055 0.68707 0.627791
0.481694 0.699477 0.708437
0.501397 0.711884 0.758065
0.521289 0.711884 0.820099
0.541262 0.711884 0.863524
0.561568 0.711884 0.888337
0.580631 0.711884 0.900744
0.601199 0.711884 0.906948
0.719603 0.711884 0.906948
0.740117 0.711884 0.869727
0.759838 0.711884 0.813896
0.779712 0.711884 0.739454
0.799757 0.711884 0.646402
0.820315 0.711884 0.559553
0.839396 0.711884 0.478908
0.859865 0.711884 0.435484
0.879468 0.718087 0.398263
0.899252 0.730494 0.367245
0.919297 0.742901 0.330024
0.939775 0.761511 0.292804
0.959703 0.786325 0.261786
0.980171 0.798732 0.243176
1 0.804936 0.236972

Points: 32
Width: 0.232865
Duration: 613.023
Centroid: 0.57724 0.542135
0 0.480877 1
0.0715269 0.480877 0.992843
0.0860871 0.480877 0.953478
0.0999465 0.480877 0.889063
0.113965 0.477298 0.796019
0.1282 0.47372 0.699396
0.142538 0.47372 0.592038
0.156238 0.47372 0.498993
0.171046 0.47372 0.427421
0.184211 0.47372 0.348692
0.198172 0.47372 0.287855
0.212147 0.47372 0.241333
0.226248 0.47372 0.22344
0.240203 0.47372 0.201968
0.254005 0.484455 0.184075
0.268062 0.502348 0.176918
0.281902 0.530977 0.169761
0.295857 0.563185 0.162603
0.309907 0.588235 0.159025
0.324092 0.616864 0.155446
0.337664 0.634757 0.155446
0.351887 0.641915 0.155446
0.835243 0.366361 0.652874
0.887003 0.373518 0.652874
0.901551 0.391411 0.652874
0.915468 0.423619 0.652874
0.92918 0.462984 0.652874
0.943276 0.502348 0.652874
0.957626 0.530977 0.652874
0.971874 0.563185 0.652874
0.986096 0.5775 0.652874
1 0.581078 0.652874

Points: 0
Width: 6.20661e-36
Duration: 1.4013e-45
Centroid: 0 0

Points: 43
Width: 0.289768
Duration: 720.555
Centroid: 0.501279 0.559768
0 0.664593 0.819623
0.0442801 0.664593 0.819623
0.0562446 0.664593 0.82825
0.0680357 0.658841 0.839754
0.0795828 0.650214 0.851257
0.0915582 0.63871 0.857009
0.103637 0.624331 0.86276
0.115829 0.6042 0.865636
0.127381 0.575441 0.865636
0.139817 0.546683 0.865636
0.151674 0.5208 0.854133
0.163633 0.497793 0.836878
0.175874 0.474786 0.802367
0.187919 0.460407 0.770733
0.19945 0.440275 0.718967
0.211827 0.425896 0.66145
0.223629 0.417269 0.61256
0.235501 0.408641 0.532036
0.24765 0.408641 0.460139
0.259793 0.408641 0.385366
0.271639 0.425896 0.31347
0.283983 0.448903 0.241573
0.295795 0.469034 0.178304
0.307668 0.477662 0.129414
0.31986 0.489165 0.0805243
0.332285 0.492041 0.0431381
0.343756 0.492041 0.0258829
0.355472 0.492041 0.00575173
0.36749 0.492041 0
0.823053 0.307986 0.379615
0.856128 0.316613 0.379615
0.868379 0.333868 0.379615
0.880301 0.374131 0.382491
0.892059 0.397137 0.382491
0.904186 0.431648 0.385366
0.91627 0.469034 0.385366
0.928191 0.494917 0.385366
0.940481 0.5208 0.385366
0.952305 0.543807 0.385366
0.964242 0.55531 0.385366
0.976049 0.566814 0.385366
0.988138 0.575441 0.385366
1 0.578317 0.385366

Points: 23
Width: 0.361739
Duration: 496.051
Centroid: 0.561015 0.396594
0 0.473257 0.811098
0.0723527 0.473257 0.801883
0.0902204 0.473257 0.774239
0.107497 0.473257 0.730469
0.124751 0.473257 0.684395
0.142327 0.473257 0.622196
0.160006 0.473257 0.555389
0.176905 0.473257 0.495493
0.194796 0.473257 0.454027
0.211979 0.473257 0.417167
0.229288 0.480168 0.391827
0.246809 0.487079 0.375701
0.264598 0.491687 0.359575
0.281938 0.498598 0.348057
0.300239 0.503205 0.338842
0.316626 0.517027 0.331931
0.333793 0.528546 0.331931
0.35118 0.535457 0.331931
0.36841 0.546975 0.331931
0.385364 0.558494 0.334235
0.402799 0.565405 0.338842
0.420249 0.567708 0.338842
1 0.487079 1

Points: 41
Width: 0.293008
Duration: 697.773
Centroid: 0.517602 0.709675
0 0.640608 0.696795
0.0599059 0.640608 0.699639
0.072485 0.640608 0.711016
0.0845771 0.63492 0.725236
0.0969322 0.626387 0.733768
0.10945 0.615011 0.750832
0.12185 0.600791 0.770741
0.134227 0.580882 0.784961
0.14698 0.560974 0.790649
0.159189 0.549598 0.790649
0.171091 0.535377 0.790649
0.183726 0.521157 0.790649
0.19607 0.509781 0.779273
0.208655 0.49556 0.765053
0.220612 0.478496 0.739456
0.233007 0.464276 0.696795
0.244858 0.4529 0.645602
0.257168 0.447211 0.608629
0.26954 0.441523 0.554592
0.281918 0.435835 0.480646
0.294088 0.432991 0.415233
0.306141 0.432991 0.344131
0.318687 0.432991 0.270186
0.330868 0.444367 0.213305
0.343212 0.4529 0.150735
0.35536 0.464276 0.0938541
0.367816 0.469964 0.045505
0.380395 0.472808 0.0199084
0.392353 0.472808 0
0.845289 0.333449 0.386792
0.87398 0.341981 0.386792
0.886727 0.36189 0.386792
0.89883 0.39033 0.386792
0.911146 0.432991 0.386792
0.923585 0.469964 0.386792
0.936287 0.506937 0.386792
0.948407 0.524001 0.386792
0.961322 0.541066 0.386792
0.973414 0.546754 0.386792
0.985394 0.549598 0.386792
1 0.552442 0.386792

Points: 35
Width: 0.230714
Duration: 657.105
Centroid: 0.541905 0.539286
0 0.49226 1
0.0423674 0.49226 0.985552
0.0558676 0.49226 0.920537
0.0688686 0.481424 0.833849
0.0819646 0.4742 0.718266
0.0952508 0.4742 0.602683
0.108709 0.4742 0.50516
0.1213 0.4742 0.436532
0.134771 0.4742 0.353457
0.147718 0.4742 0.263158
0.160796 0.4742 0.21259
0.174053 0.477812 0.165635
0.187298 0.485036 0.147575
0.200536 0.495872 0.122291
0.214423 0.503096 0.118679
0.226538 0.513932 0.111455
0.239747 0.531992 0.111455
0.252659 0.550052 0.111455
0.265832 0.571724 0.111455
0.278993 0.589783 0.115067
0.792134 0.351393 0.638803
0.828949 0.355005 0.638803
0.842372 0.376677 0.638803
0.855379 0.412797 0.638803
0.868576 0.452529 0.638803
0.881678 0.49226 0.638803
0.895166 0.513932 0.638803
0.907983 0.535604 0.638803
0.921543 0.553664 0.638803
0.934484 0.560888 0.638803
0.94758 0.571724 0.638803
0.960361 0.575336 0.638803
0.97376 0.582559 0.638803
0.987546 0.582559 0.631579
1 0.586171 0.617131

Points: 39
Width: 0.115257
Duration: 341.625
Centroid: 0.547222 0.511923
0 0.251762 0.657952
0.0704697 0.258992 0.657952
0.0948248 0.309604 0.657952
0.119477 0.374676 0.657952
0.144518 0.454209 0.657952
0.169742 0.540972 0.657952
0.195607 0.606044 0.657952
0.220923 0.671116 0.657952
0.245586 0.736188 0.657952
0.271554 0.77957 0.694103
0.296526 0.80126 0.715794
0.321727 0.815721 0.751945
0.347237 0.815721 0.780866
0.372896 0.815721 0.809788
0.397754 0.808491 0.831478
0.423996 0.757879 0.853169
0.448729 0.692806 0.860399
0.473735 0.613274 0.860399
0.499531 0.548202 0.860399
0.524881 0.48313 0.853169
0.549957 0.418057 0.817018
0.575981 0.352985 0.759176
0.6018 0.287913 0.686873
0.626852 0.251762 0.614571
0.65059 0.20838 0.527808
0.675483 0.179459 0.433815
0.70081 0.164999 0.318131
0.725508 0.164999 0.216907
0.74984 0.19392 0.137375
0.774652 0.222841 0.108454
0.799248 0.287913 0.0578422
0.824232 0.367446 0.0216907
0.849227 0.432518 0.00723024
0.874257 0.50482 0
0.89876 0.577123 0
0.923401 0.634965 0
0.948248 0.678346 0
0.973861 0.714497 0
1 0.721728 0

Points: 43
Width: 0.129264
Duration: 377.645
Centroid: 0.525116 0.452597
0 0.325487 0.605996
0.0627967 0.338381 0.605996
0.086246 0.370615 0.605996
0.108847 0.415742 0.605996
0.131614 0.48021 0.605996
0.15379 0.538231 0.605996
0.177074 0.596252 0.605996
0.200161 0.647826 0.625337
0.223693 0.6994 0.651124
0.246305 0.738081 0.689804
0.269051 0.757421 0.702698
0.291941 0.776761 0.722038
0.315194 0.789655 0.734932
0.338033 0.789655 0.747825
0.361575 0.789655 0.767166
0.384942 0.757421 0.780059
0.407522 0.725187 0.805846
0.430371 0.686507 0.81874
0.452724 0.641379 0.831633
0.475625 0.596252 0.83808
0.49865 0.551125 0.83808
0.520713 0.49955 0.83808
0.543418 0.415742 0.792953
0.566174 0.351275 0.741379
0.589209 0.293254 0.689804
0.612452 0.24168 0.63823
0.634577 0.202999 0.593103
0.658254 0.170765 0.547975
0.68072 0.157871 0.483508
0.703487 0.157871 0.393253
0.726667 0.157871 0.302998
0.750003 0.183659 0.21919
0.772459 0.222339 0.161169
0.796001 0.273913 0.109595
0.818457 0.325487 0.0773612
0.841276 0.383508 0.0515741
0.864373 0.454423 0.0386806
0.886354 0.525337 0.0193403
0.908924 0.589805 0.00644676
0.931338 0.654273 0
0.954229 0.705847 0
0.976375 0.757421 0
1 0.763868 0

Points: 49
Width: 0.14534
Duration: 445.023
Centroid: 0.555204 0.506327
0 0.189679 1
0.0450468 0.189679 0.994266
0.0648579 0.189679 0.954131
0.0840282 0.189679 0.856658
0.103541 0.189679 0.741984
0.123194 0.189679 0.604376
0.14261 0.189679 0.455301
0.161991 0.189679 0.352094
0.18182 0.189679 0.260356
0.201253 0.189679 0.180084
0.220608 0.189679 0.0998125
0.239743 0.189679 0.0654105
0.258633 0.189679 0.0310084
0.278163 0.189679 0.0138074
0.297289 0.189679 0.00234006
0.352676 0.189679 0.00234006
0.372242 0.189679 0.0482094
0.391307 0.189679 0.122747
0.410345 0.201147 0.237421
0.429884 0.224081 0.363562
0.449476 0.258484 0.50117
0.469147 0.281418 0.61011
0.489151 0.310087 0.684648
0.508365 0.338755 0.759186
0.527658 0.367423 0.816522
0.547197 0.407559 0.862392
0.567079 0.453429 0.89106
0.586345 0.493564 0.919729
0.606209 0.539434 0.931196
0.625134 0.591037 0.93693
0.64455 0.648374 0.942663
0.664124 0.705711 0.942663
0.68347 0.763047 0.942663
0.703114 0.797449 0.925462
0.722952 0.826118 0.885327
0.74221 0.849053 0.82799
0.761442 0.871987 0.747718
0.781288 0.894922 0.644512
0.800678 0.906389 0.552773
0.819655 0.929324 0.455301
0.838694 0.940791 0.352094
0.858382 0.940791 0.266089
0.877666 0.940791 0.185818
0.896986 0.940791 0.145682
0.916542 0.940791 0.0998125
0.935265 0.935058 0.0768778
0.954602 0.929324 0.0711441
0.974562 0.929324 0.0711441
1 0.929324 0.0654105

Points: 0
Width: 6.20661e-36
Duration: 1.4013e-45
Centroid: 0 0

Points: 36
Width: 0.218519
Duration: 635.672
Centroid: 0.520787 0.576481
0 0.440996 1
0.00602832 0.440996 0.992373
0.0199776 0.440996 0.965678
0.0333739 0.433369 0.916102
0.0469299 0.425742 0.843644
0.0605843 0.414301 0.763559
0.0743369 0.414301 0.672034
0.0877148 0.414301 0.572881
0.101646 0.414301 0.473729
0.115417 0.414301 0.382203
0.129028 0.414301 0.325
0.142412 0.421928 0.267797
0.155354 0.425742 0.225848
0.169198 0.433369 0.20678
0.182927 0.440996 0.187712
0.196317 0.463877 0.176271
0.20975 0.486758 0.164831
0.223355 0.513453 0.149576
0.236383 0.540148 0.138136
0.250412 0.578284 0.130509
0.263949 0.608792 0.130509
0.277979 0.643114 0.168644
0.291436 0.665996 0.20678
0.305041 0.688877 0.26017
0.318647 0.696504 0.286865
0.840062 0.315148 0.672034
0.877443 0.318962 0.672034
0.891122 0.368538 0.672034
0.904309 0.421928 0.672034
0.917853 0.494386 0.672034
0.931372 0.547775 0.672034
0.945063 0.604979 0.672034
0.958889 0.635487 0.672034
0.972863 0.662182 0.672034
0.985989 0.673623 0.672034
1 0.68125 0.672034

Points: 23
Width: 0.256522
Duration: 546.641
Centroid: 0.444783 0.526812
0 0.467938 0.811582
0.128041 0.467938 0.811582
0.144226 0.467938 0.785593
0.159861 0.467938 0.756356
0.175561 0.458192 0.691384
0.191546 0.451695 0.63291
0.207832 0.448446 0.580932
0.223003 0.448446 0.519209
0.23921 0.448446 0.454237
0.254838 0.448446 0.399011
0.270552 0.458192 0.35678
0.286387 0.471186 0.304802
0.302187 0.487429 0.269068
0.318151 0.500424 0.246328
0.334751 0.506921 0.239831
0.349893 0.516667 0.236582
0.365228 0.536158 0.236582
0.380978 0.565395 0.256074
0.396591 0.597881 0.278814
0.412813 0.630367 0.3113
0.427912 0.643361 0.324294
0.995441 0.506921 0.996751
1 0.503672 1

Points: 62
Width: 0.149382
Duration: 611.617
Centroid: 0.483952 0.508737
0 0.174375 0.755264
0.0931956 0.174375 0.749685
0.107655 0.174375 0.73295
0.121629 0.174375 0.671586
0.135693 0.174375 0.593486
0.149948 0.163218 0.481915
0.164408 0.135325 0.364765
0.178254 0.124168 0.286665
0.192791 0.113011 0.202987
0.206803 0.107432 0.163938
0.221403 0.101854 0.119309
0.235045 0.101854 0.102573
0.249339 0.0962751 0.0858377
0.263122 0.0962751 0.0802592
0.277747 0.0906965 0.0746806
0.341743 0.0906965 0.0914162
0.356253 0.0906965 0.147202
0.370202 0.107432 0.23088
0.38447 0.135325 0.342451
0.398227 0.168796 0.476336
0.412648 0.219003 0.6158
0.426533 0.263631 0.688321
0.440852 0.302681 0.749685
0.454775 0.319417 0.771999
0.468737 0.341731 0.783157
0.482852 0.364045 0.783157
0.497017 0.38636 0.783157
0.511413 0.408674 0.783157
0.526064 0.436567 0.749685
0.539936 0.458881 0.677164
0.553974 0.470038 0.610221
0.568204 0.481195 0.520965
0.582677 0.481195 0.470758
0.596727 0.481195 0.426129
0.611174 0.481195 0.403815
0.625711 0.481195 0.398237
0.640311 0.481195 0.392658
0.662294 0.486773 0.398237
0.676792 0.497931 0.448444
0.690779 0.525823 0.509807
0.704676 0.587187 0.610221
0.719008 0.659709 0.6939
0.733583 0.709916 0.744107
0.747864 0.77128 0.788735
0.761825 0.815908 0.805471
0.776221 0.860536 0.811049
0.790144 0.888429 0.811049
0.804195 0.916322 0.811049
0.818373 0.938636 0.799892
0.832871 0.96095 0.766421
0.846935 0.977686 0.710635
0.861548 0.988843 0.649271
0.875343 1 0.565593
0.888832 1 0.481915
0.902679 1 0.398237
0.916947 1 0.348029
0.929988 1 0.292244
0.943873 1 0.264351
0.957809 0.994421 0.242037
0.972294 0.994421 0.236459
0.986 0.988843 0.23088
1 0.983264 0.219723

Points: 52
Width: 0.111795
Duration: 439.188
Centroid: 0.476378 0.503462
0 0.337299 0.611238
0.0178775 0.344753 0.611238
0.0381208 0.359661 0.611238
0.0575103 0.389478 0.611238
0.0770421 0.41184 0.611238
0.0970364 0.441657 0.611238
0.116853 0.471473 0.611238
0.135922 0.508744 0.611238
0.156094 0.546015 0.611238
0.175502 0.583285 0.611238
0.195033 0.635464 0.611238
0.214512 0.657826 0.611238
0.23472 0.695097 0.618693
0.253771 0.710005 0.618693
0.272965 0.724914 0.618693
0.293066 0.732368 0.641055
0.312509 0.732368 0.648509
0.332201 0.732368 0.670871
0.351199 0.732368 0.68578
0.371318 0.732368 0.715596
0.39117 0.710005 0.752867
0.411271 0.680189 0.782683
0.430571 0.635464 0.827408
0.450032 0.598194 0.842317
0.469777 0.568377 0.857225
0.489825 0.531106 0.864679
0.509802 0.50129 0.864679
0.530205 0.464019 0.864679
0.549719 0.426749 0.864679
0.569269 0.389478 0.827408
0.588213 0.344753 0.775229
0.60746 0.300028 0.715596
0.626654 0.262758 0.648509
0.646008 0.232941 0.581422
0.666038 0.218033 0.514335
0.685445 0.218033 0.439794
0.704906 0.218033 0.350344
0.724527 0.218033 0.290711
0.744379 0.225487 0.231078
0.764355 0.247849 0.178899
0.784261 0.277666 0.134174
0.803294 0.322391 0.0969038
0.823538 0.367116 0.059633
0.843105 0.404386 0.0372706
0.862281 0.464019 0.0149082
0.882329 0.531106 0.00745412
0.901932 0.598194 0
0.92157 0.635464 0
0.941707 0.695097 0
0.960634 0.724914 0
0.980237 0.747276 0.00745412
1 0.762184 0.0149082

Points: 50
Width: 0.1337
Duration: 579.664
Centroid: 0.5676 0.495367
0 0.67103 0.984792
0.151543 0.658564 0.984792
0.166867 0.646098 0.984792
0.181584 0.6274 0.984792
0.196693 0.608701 0.984792
0.211505 0.590002 0.984792
0.226815 0.571304 0.984792
0.240967 0.558838 0.984792
0.256452 0.533907 0.978559
0.271089 0.502742 0.953628
0.286009 0.484044 0.934929
0.301185 0.452879 0.909998
0.315606 0.434181 0.878833
0.329757 0.415482 0.860135
0.344502 0.396784 0.841436
0.359705 0.384318 0.816505
0.375069 0.378085 0.78534
0.389773 0.365619 0.760409
0.404572 0.365619 0.710546
0.419464 0.365619 0.660683
0.434505 0.365619 0.617053
0.449681 0.365619 0.585889
0.464992 0.384318 0.548492
0.479696 0.427948 0.517327
0.494508 0.471578 0.492396
0.509306 0.515208 0.473697
0.524334 0.571304 0.454999
0.539334 0.614934 0.430067
0.554456 0.646098 0.417602
0.569255 0.67103 0.398903
0.583999 0.695961 0.367739
0.598474 0.71466 0.342807
0.613569 0.727125 0.299177
0.628543 0.733358 0.268013
0.64353 0.745824 0.205684
0.658086 0.745824 0.155821
0.672574 0.745824 0.105959
0.687346 0.733358 0.0685614
0.70178 0.695961 0.04363
0.716781 0.658564 0.0249314
0.732455 0.596235 0.0124657
0.746728 0.496509 0
0.761581 0.396784 0
0.776231 0.297058 0
0.790948 0.216031 0
0.805706 0.178633 0.0124657
0.820734 0.153702 0.0311643
0.835869 0.141236 0.04363
0.851099 0.141236 0.0498628
1 0.141236 0.0623285

Points: 0
Width: 6.20661e-36
Duration: 1.4013e-45
Centroid: 0 0

Points: 69
Width: 0.155821
Duration: 672.867
Centroid: 0.429179 0.473865
0 0.0801426 0.787088
0.0770838 0.0801426 0.776392
0.0902621 0.0801426 0.744304
0.102929 0.0801426 0.696171
0.115794 0.0801426 0.637343
0.128752 0.0801426 0.573167
0.141814 0.0801426 0.476903
0.154203 0.0747945 0.412727
0.167462 0.0747945 0.327159
0.180153 0.0747945 0.252287
0.192948 0.0747945 0.182763
0.206056 0.0747945 0.123934
0.218944 0.0747945 0.0758023
0.231426 0.0694465 0.0330182
0.244674 0.0694465 0.0116262
0.257271 0.0694465 0.0062782
0.270043 0.0694465 0.000930192
0.308939 0.0694465 0.0116262
0.322233 0.0694465 0.0383662
0.334703 0.0694465 0.113238
0.346988 0.0908386 0.198807
0.359736 0.128275 0.305767
0.372496 0.187103 0.439467
0.385036 0.235235 0.551775
0.397947 0.283367 0.642691
0.410707 0.331499 0.696171
0.423433 0.384979 0.760348
0.436019 0.433111 0.80848
0.448802 0.454503 0.824524
0.461714 0.475895 0.845916
0.474834 0.502635 0.851264
0.487768 0.513331 0.851264
0.500528 0.524027 0.819176
0.513242 0.534723 0.78174
0.526026 0.540071 0.728259
0.53896 0.545419 0.658735
0.552057 0.545419 0.589211
0.56455 0.545419 0.551775
0.577844 0.545419 0.519687
0.590442 0.545419 0.503643
0.603643 0.545419 0.498295
0.623939 0.550767 0.498295
0.636432 0.556115 0.503643
0.649088 0.572159 0.541079
0.661802 0.598899 0.594559
0.674574 0.636335 0.637343
0.687485 0.67912 0.696171
0.700535 0.727252 0.744304
0.713179 0.764688 0.771044
0.726346 0.796776 0.787088
0.739037 0.828864 0.792436
0.75182 0.855604 0.792436
0.764789 0.871648 0.792436
0.777503 0.89304 0.792436
0.790356 0.91978 0.776392
0.803558 0.94652 0.744304
0.816596 0.967912 0.696171
0.829264 0.978608 0.637343
0.842465 0.989304 0.557123
0.855272 1 0.460859
0.867266 1 0.364595
0.879852 1 0.284375
0.892786 1 0.236243
0.905988 1 0.204155
0.918655 1 0.188111
0.931079 0.994652 0.182763
0.943908 0.994652 0.177415
0.958294 0.994652 0.172067
1 0.994652 0.166719

Points: 57
Width: 0.130848
Duration: 505.078
Centroid: 0.539357 0.505848
0 0.706257 0.770614
0.0554834 0.706257 0.776983
0.0730549 0.699888 0.783352
0.0900077 0.674413 0.796089
0.107146 0.64257 0.802458
0.124346 0.597989 0.808827
0.141918 0.54067 0.815195
0.158314 0.508827 0.821564
0.175886 0.451508 0.821564
0.192715 0.406927 0.821564
0.209729 0.355978 0.821564
0.227162 0.311397 0.821564
0.244037 0.260447 0.802458
0.261872 0.19676 0.776983
0.278902 0.152179 0.757877
0.295916 0.113966 0.726033
0.312653 0.0884916 0.69419
0.329637 0.0630168 0.668715
0.346713 0.0502792 0.624134
0.364037 0.0375418 0.585922
0.381206 0.0375418 0.541341
0.398608 0.0375418 0.490391
0.415561 0.0375418 0.426704
0.432467 0.0502792 0.369385
0.449528 0.0821229 0.299329
0.466744 0.113966 0.235642
0.484192 0.14581 0.159218
0.50082 0.184022 0.108268
0.518299 0.222235 0.0764245
0.53522 0.266816 0.0382122
0.551833 0.311397 0.0191061
0.568987 0.362346 0.00636871
0.586543 0.413296 0
0.603805 0.464246 0
0.621098 0.534302 0.0127374
0.638067 0.604357 0.044581
0.655066 0.661676 0.0955306
0.67222 0.731732 0.14648
0.689714 0.78905 0.19743
0.7071 0.833631 0.261117
0.724316 0.865475 0.305698
0.740634 0.878212 0.337542
0.757834 0.890949 0.382123
0.774091 0.897318 0.420335
0.793024 0.897318 0.464916
0.808647 0.897318 0.515866
0.825321 0.890949 0.554078
0.842846 0.878212 0.59229
0.859381 0.859106 0.611396
0.876257 0.833631 0.636871
0.893519 0.814525 0.655977
0.91075 0.782681 0.668715
0.927997 0.763575 0.681452
0.945646 0.7381 0.69419
0.96249 0.725363 0.706927
0.979505 0.718994 0.719665
1 0.718994 0.726033

Points: 39
Width: 0.140214
Duration: 354.203
Centroid: 0.507735 0.553547
0 0.365438 0.826121
0.010918 0.365438 0.820177
0.0350258 0.365438 0.784518
0.0593542 0.365438 0.754801
0.0825577 0.365438 0.713198
0.106533 0.365438 0.665651
0.130597 0.365438 0.606218
0.154462 0.365438 0.540842
0.179187 0.365438 0.469522
0.202986 0.365438 0.398202
0.227977 0.365438 0.314996
0.252128 0.365438 0.231789
0.276545 0.365438 0.166413
0.300543 0.365438 0.0891496
0.325268 0.365438 0.0534898
0.349618 0.365438 0.0237732
0.374189 0.365438 0.00594331
0.398385 0.365438 0
0.510896 0.365438 0.0118866
0.536018 0.365438 0.0356599
0.560104 0.377324 0.101036
0.584499 0.389211 0.178299
0.609136 0.412984 0.273392
0.633927 0.442701 0.380372
0.657704 0.484304 0.475465
0.682783 0.525907 0.564615
0.706736 0.561567 0.629991
0.730954 0.597227 0.689425
0.755812 0.626944 0.736971
0.780251 0.662603 0.766688
0.804447 0.686377 0.784518
0.829481 0.722036 0.796404
0.853544 0.751753 0.796404
0.877895 0.78147 0.802347
0.902289 0.811186 0.802347
0.927346 0.829016 0.802347
0.952137 0.840903 0.802347
0.97673 0.840903 0.802347
1 0.846846 0.802347

Points: 47
Width: 0.125638
Duration: 435.602
Centroid: 0.519397 0.543972
0 0.263618 0.577054
0.109923 0.270251 0.577054
0.130387 0.310048 0.577054
0.150421 0.36311 0.577054
0.16988 0.416173 0.577054
0.189716 0.475868 0.577054
0.208297 0.52893 0.577054
0.227828 0.581993 0.577054
0.247628 0.615157 0.577054
0.267267 0.654953 0.577054
0.286565 0.69475 0.577054
0.306293 0.721281 0.583687
0.326058 0.747813 0.596952
0.346037 0.767711 0.610218
0.366124 0.780977 0.623483
0.385297 0.787609 0.643382
0.405366 0.787609 0.669913
0.425005 0.787609 0.696444
0.444429 0.774344 0.722976
0.46396 0.74118 0.749507
0.48385 0.714649 0.776038
0.503614 0.681485 0.802569
0.523773 0.635055 0.815835
0.54386 0.595258 0.822468
0.564413 0.555461 0.822468
0.583747 0.515664 0.822468
0.603601 0.462602 0.815835
0.623509 0.389641 0.769405
0.643632 0.336579 0.736241
0.663145 0.283516 0.683179
0.683645 0.24372 0.616851
0.703069 0.223821 0.563788
0.722851 0.217188 0.49746
0.742777 0.210556 0.431132
0.763725 0.210556 0.358171
0.782287 0.217188 0.28521
0.802536 0.250353 0.218883
0.821977 0.290149 0.152554
0.841616 0.329946 0.0994919
0.861255 0.369743 0.0596952
0.881378 0.396274 0.033164
0.900909 0.442704 0
0.920279 0.4825 0
0.940653 0.52893 0
0.960292 0.581993 0.0066328
0.98002 0.621789 0.0265312
1 0.641688 0.0397968

Points: 0
Width: 6.20661e-36
Duration: 1.4013e-45
Centroid: 0 0

Points: 49
Width: 0.193231
Duration: 581.875
Centroid: 0.533061 0.478231
0 0.379951 0.828023
0.125255 0.379951 0.823711
0.140467 0.379951 0.810773
0.155263 0.379951 0.78921
0.170005 0.379951 0.728833
0.185164 0.379951 0.677081
0.199946 0.379951 0.582204
0.214527 0.379951 0.487326
0.229619 0.375638 0.405386
0.24428 0.375638 0.310509
0.259036 0.371325 0.237194
0.274154 0.371325 0.16388
0.289044 0.367013 0.103503
0.303867 0.3627 0.0474388
0.319079 0.354075 0
0.511923 0.354075 0.0129379
0.527135 0.354075 0.0431262
0.541823 0.3627 0.0776271
0.556592 0.367013 0.120753
0.571737 0.379951 0.176817
0.58613 0.392889 0.258757
0.601114 0.405826 0.327759
0.616394 0.423077 0.418324
0.631069 0.440327 0.500264
0.645838 0.461891 0.573579
0.660849 0.483454 0.621017
0.675215 0.505017 0.685707
0.690508 0.530893 0.720208
0.705733 0.552456 0.741771
0.720073 0.574019 0.759021
0.734815 0.595582 0.767647
0.749449 0.621458 0.767647
0.764675 0.647333 0.767647
0.779847 0.677522 0.763334
0.794334 0.699085 0.741771
0.808969 0.716335 0.711582
0.82359 0.729273 0.672769
0.837997 0.733586 0.633955
0.852833 0.737898 0.595142
0.86779 0.737898 0.564953
0.882264 0.720648 0.539078
0.896657 0.699085 0.517515
0.911869 0.668896 0.500264
0.926517 0.630083 0.487326
0.941407 0.591269 0.483014
0.956203 0.556768 0.483014
0.970583 0.522267 0.483014
0.985647 0.509329 0.487326
1 0.500704 0.500264

Points: 48
Width: 0.10375
Duration: 403.672
Centroid: 0.521042 0.560417
0 0.615462 0.90763
0.0194891 0.599398 0.90763
0.0414167 0.567269 0.90763
0.0624347 0.527108 0.90763
0.0832398 0.478915 0.90763
0.104606 0.422691 0.90763
0.12605 0.358434 0.90763
0.148036 0.302209 0.859437
0.169963 0.254016 0.819277
0.191059 0.213855 0.787148
0.21227 0.181727 0.738956
0.234062 0.157631 0.706827
0.254964 0.133534 0.666667
0.277085 0.125502 0.60241
0.298452 0.125502 0.53012
0.319489 0.125502 0.425702
0.34072 0.125502 0.345381
0.362164 0.125502 0.257028
0.38384 0.133534 0.184739
0.405516 0.165663 0.128514
0.426243 0.205823 0.0803215
0.448365 0.262048 0.0481927
0.469557 0.310241 0.0240964
0.49102 0.366466 0.00803212
0.512638 0.438755 0
0.534778 0.511044 0
0.555777 0.591365 0
0.576814 0.655622 0.00803212
0.596807 0.711847 0.0401606
0.61738 0.752008 0.0803215
0.639133 0.784136 0.120482
0.659667 0.8002 0.176707
0.680356 0.816265 0.232932
0.701742 0.832329 0.289156
0.722915 0.848393 0.353413
0.743933 0.848393 0.433735
0.765086 0.848393 0.514056
0.787149 0.848393 0.578313
0.808051 0.832329 0.626506
0.828779 0.8002 0.658634
0.850145 0.768072 0.706827
0.871647 0.735943 0.730924
0.893439 0.687751 0.763052
0.914012 0.655622 0.787148
0.936094 0.615462 0.811245
0.957151 0.599398 0.835341
0.978595 0.575301 0.843373
1 0.559237 0.843373

Points: 35
Width: 0.187952
Duration: 691.078
Centroid: 0.556095 0.603714
0 0.43058 1
0.123064 0.43058 0.986699
0.13585 0.43058 0.955662
0.148183 0.43058 0.92906
0.160449 0.43058 0.880289
0.173257 0.43058 0.791614
0.18576 0.43058 0.711806
0.198139 0.43058 0.592095
0.210902 0.43058 0.507854
0.223112 0.43058 0.436914
0.235637 0.43058 0.370408
0.248242 0.43058 0.321636
0.261017 0.43058 0.272865
0.273384 0.439448 0.224094
0.286091 0.457183 0.175323
0.298481 0.479352 0.144286
0.310871 0.510388 0.122117
0.3236 0.53699 0.11325
0.336634 0.57246 0.104383
0.349058 0.612364 0.104383
0.361403 0.652268 0.117684
0.373748 0.696605 0.175323
0.385968 0.718774 0.224094
0.398415 0.732075 0.295034
0.411009 0.736509 0.330504
0.865597 0.275399 0.658601
0.900077 0.279833 0.658601
0.912942 0.32417 0.658601
0.925264 0.381809 0.658601
0.93779 0.439448 0.663035
0.950349 0.514822 0.663035
0.96292 0.585761 0.663035
0.975118 0.625665 0.663035
0.9883 0.661135 0.663035
1 0.670003 0.663035

Points: 42
Width: 0.106389
Duration: 397.227
Centroid: 0.529206 0.528056
0 0.292242 0.587467
0.13313 0.300075 0.587467
0.15506 0.331406 0.587467
0.176438 0.370571 0.579634
0.198033 0.409735 0.571801
0.219805 0.472398 0.563968
0.242148 0.542894 0.563968
0.2639 0.589892 0.563968
0.286301 0.644722 0.579634
0.307739 0.683886 0.5953
0.329256 0.715218 0.618799
0.350241 0.738717 0.642297
0.372426 0.762215 0.665796
0.393392 0.770048 0.689295
0.415085 0.770048 0.720626
0.436759 0.762215 0.751958
0.458177 0.730884 0.78329
0.479142 0.699552 0.814621
0.500836 0.668221 0.83812
0.522765 0.621223 0.853786
0.545068 0.582059 0.853786
0.566958 0.535061 0.853786
0.588691 0.472398 0.83812
0.609067 0.417568 0.798955
0.631626 0.354905 0.736292
0.653103 0.307907 0.689295
0.674678 0.276576 0.634465
0.69586 0.253077 0.571801
0.717789 0.237411 0.493472
0.738893 0.237411 0.415143
0.760173 0.237411 0.328982
0.782535 0.237411 0.234987
0.804052 0.237411 0.156658
0.825804 0.253077 0.0939947
0.847576 0.284409 0.0469973
0.868581 0.339239 0.0156658
0.890884 0.409735 0.00783289
0.912617 0.519396 0
0.934173 0.629056 0
0.955748 0.715218 0.0156658
0.977874 0.785714 0.0234987
1 0.80138 0.0313316

Points: 43
Width: 0.108023
Duration: 408.672
Centroid: 0.551938 0.486357
0 0.167026 0.987442
0.0775569 0.167026 0.979728
0.099503 0.167026 0.933441
0.120837 0.167026 0.871726
0.141847 0.167026 0.794582
0.163066 0.159311 0.717438
0.183617 0.159311 0.586294
0.204435 0.159311 0.470578
0.226133 0.159311 0.354862
0.246894 0.159311 0.239146
0.267597 0.159311 0.138859
0.288683 0.159311 0.0925726
0.309233 0.159311 0.0308575
0.330816 0.159311 0.00771438
0.351692 0.159311 0
0.430052 0.159311 0.00771438
0.451271 0.159311 0.0617151
0.472223 0.159311 0.177431
0.493175 0.197884 0.285432
0.513974 0.251884 0.432006
0.534965 0.329028 0.563151
0.556203 0.383029 0.655723
0.577901 0.444744 0.75601
0.598777 0.506459 0.82544
0.620551 0.56046 0.871726
0.641388 0.629889 0.902584
0.66213 0.676176 0.918012
0.683598 0.737891 0.933441
0.705314 0.791892 0.933441
0.725922 0.838178 0.933441
0.747486 0.87675 0.925727
0.768266 0.899893 0.887155
0.789314 0.93075 0.82544
0.809922 0.953894 0.702009
0.831485 0.961608 0.578579
0.852801 0.961608 0.432006
0.873294 0.961608 0.293147
0.894991 0.961608 0.177431
0.916632 0.953894 0.115716
0.937144 0.946179 0.0540007
0.958459 0.946179 0.0231431
0.978838 0.946179 0.0154288
1 0.946179 0.00771438

Points: 34
Width: 0.192255
Duration: 692.859
Centroid: 0.58848 0.549412
0 0.490948 1
0.0459261 0.490948 0.991331
0.0587579 0.490948 0.960989
0.0710822 0.486614 0.908975
0.0835645 0.477945 0.830954
0.0959903 0.477945 0.774605
0.108303 0.477945 0.657573
0.120944 0.47361 0.549209
0.133595 0.47361 0.475522
0.145885 0.47361 0.393167
0.158706 0.47361 0.323814
0.171053 0.47361 0.254462
0.182814 0.47361 0.202447
0.195589 0.47361 0.150433
0.208308 0.477945 0.128761
0.220576 0.486614 0.107088
0.232867 0.499617 0.0940843
0.245304 0.516955 0.0854153
0.257786 0.542963 0.0767462
0.270471 0.581973 0.0680772
0.282536 0.603646 0.0637427
0.295413 0.629653 0.0637427
0.826906 0.321902 0.653238
0.832544 0.326236 0.653238
0.845105 0.343574 0.653238
0.857159 0.395589 0.653238
0.869495 0.443269 0.653238
0.881864 0.499617 0.653238
0.89438 0.555966 0.653238
0.906716 0.581973 0.653238
0.918961 0.60798 0.653238
0.931714 0.620984 0.653238
0.976603 0.625319 0.653238
1 0.629653 0.653238

