Points: 26
Width: 0.133269
Duration: 308.034
Centroid: 0.455449 0.661603
0 0.510822 0.969215
0.0125893 0.529581 0.956709
0.0320843 0.529581 0.93795
0.045027 0.529581 0.912938
0.0579737 0.523328 0.869167
0.0781242 0.517075 0.806637
0.106118 0.517075 0.744107
0.133605 0.517075 0.581529
0.159829 0.529581 0.412698
0.188669 0.54834 0.262626
0.214307 0.579605 0.137566
0.241117 0.592111 0.0937952
0.268348 0.629629 0.031265
0.296658 0.673401 0.006253
0.322699 0.729677 0
0.779046 0.367003 0.481481
0.791752 0.323232 0.481481
0.811133 0.304473 0.481481
0.824307 0.291967 0.481481
0.836864 0.291967 0.475228
0.863473 0.304473 0.468975
0.889895 0.373256 0.462722
0.918162 0.479557 0.468975
0.945536 0.535834 0.481481
0.973229 0.623377 0.493987
1 0.648389 0.50024

Points: 24
Width: 0.121944
Duration: 176.008
Centroid: 0.433333 0.651389
0 0.335991 0.965831
0.0220077 0.335991 1
0.0446313 0.329157 1
0.078446 0.322323 1
0.100871 0.322323 0.972665
0.147848 0.322323 0.924829
0.192961 0.322323 0.849658
0.242842 0.349658 0.535307
0.288572 0.363326 0.425968
0.335043 0.376993 0.268793
0.383168 0.39066 0.179954
0.431879 0.397494 0.159453
0.477385 0.411162 0.179954
0.525852 0.431663 0.220957
0.574617 0.486332 0.330296
0.621257 0.561503 0.432802
0.669095 0.636674 0.473804
0.715954 0.698177 0.460137
0.764472 0.718679 0.432802
0.811742 0.752847 0.357631
0.856277 0.773348 0.275627
0.904283 0.780182 0.234624
0.953493 0.787016 0.173121
1 0.793849 0.145786

Points: 24
Width: 0.0587502
Duration: 174.848
Centroid: 0.435139 0.600417
0 0.130025 0.695034
0.0222221 0.11584 0.652481
0.0460541 0.11584 0.609928
0.0795262 0.11584 0.581559
0.102019 0.172578 0.539006
0.141254 0.229315 0.496453
0.187769 0.413712 0.468084
0.236156 0.513002 0.468084
0.28439 0.683215 0.496453
0.332016 0.825058 0.581559
0.377456 0.89598 0.695034
0.427945 0.881796 0.822693
0.475941 0.839243 0.879431
0.521251 0.711583 0.936168
0.568639 0.56974 0.921984
0.618767 0.427896 0.765956
0.665031 0.356974 0.652481
0.712869 0.271868 0.382978
0.759701 0.271868 0.156028
0.808789 0.399528 0.0283687
0.85673 0.484634 0
0.905616 0.711583 0.0141843
0.949717 0.89598 0.0709222
1 0.966902 0.0851066

Points: 0
Width: 2.76621e+19
Duration: 4.59163e-41
Centroid: 0 0

Points: 26
Width: 0.116474
Duration: 196.1
Centroid: 0.403013 0.551474
0 0.358283 0.72262
0.0301497 0.372592 0.694001
0.0505014 0.379747 0.651073
0.0707548 0.379747 0.586681
0.105716 0.394056 0.500825
0.149628 0.408365 0.407815
0.192432 0.422675 0.221794
0.233585 0.436984 0.0787011
0.275691 0.444138 0.0143093
0.317037 0.451293 0
0.362578 0.451293 0.0214639
0.404613 0.436984 0.143093
0.445815 0.401211 0.364887
0.488567 0.394056 0.493671
0.530656 0.429829 0.779857
0.574279 0.458448 0.829939
0.616637 0.537149 0.887176
0.657155 0.623005 0.887176
0.700344 0.665933 0.851403
0.743682 0.758943 0.686846
0.785395 0.766098 0.636764
0.827144 0.751788 0.550908
0.871451 0.673087 0.493671
0.918116 0.623005 0.479361
0.958216 0.52284 0.486516
1 0.458448 0.529444

Points: 19
Width: 0.0672807
Duration: 131.771
Centroid: 0.451842 0.588947
0 0.560625 0.743156
0.0297293 0.498696 0.7927
0.0753442 0.449152 0.817471
0.105785 0.399608 0.817471
0.136148 0.350065 0.805085
0.181166 0.300521 0.755542
0.240977 0.263363 0.681226
0.303537 0.201433 0.470666
0.365371 0.213819 0.210561
0.431437 0.312907 0.0495437
0.494894 0.399608 0.0123859
0.560333 0.597783 0
0.622964 0.783572 0.111473
0.68319 0.870273 0.297262
0.74492 0.845502 0.495438
0.809436 0.795958 0.557367
0.875973 0.647327 0.619297
0.937621 0.523468 0.631683
1 0.48631 0.631683

Points: 19
Width: 0.114035
Duration: 191.233
Centroid: 0.465439 0.639035
0 0.468846 0.518846
0.0727621 0.468846 0.489615
0.0936918 0.461538 0.438461
0.125782 0.461538 0.38
0.14605 0.461538 0.314231
0.171346 0.461538 0.241154
0.215697 0.476154 0.175385
0.25725 0.505385 0.0657691
0.29986 0.556538 0.00730768
0.343703 0.585769 0
0.38857 0.636923 0.00730768
0.785046 0.527308 0.811154
0.815458 0.505385 0.847692
0.836258 0.498077 0.855
0.85744 0.490769 0.862308
0.888412 0.483461 0.869615
0.909995 0.483461 0.876923
0.953918 0.483461 0.876923
1 0.483461 0.862308

Points: 23
Width: 0.0726812
Duration: 169.251
Centroid: 0.500435 0.587681
0 0.726321 0.77966
0.0348647 0.726321 0.836988
0.0585703 0.680458 0.859919
0.0821144 0.646061 0.88285
0.11732 0.600199 0.88285
0.160678 0.554337 0.88285
0.208548 0.497009 0.88285
0.258769 0.33649 0.791126
0.307279 0.256231 0.699401
0.356875 0.2333 0.665004
0.407454 0.2333 0.607676
0.457381 0.313559 0.561814
0.507042 0.359422 0.538883
0.553551 0.474078 0.493021
0.606498 0.577268 0.401296
0.653612 0.657527 0.28664
0.701713 0.691924 0.171984
0.752333 0.691924 0.137587
0.800332 0.680458 0.0573279
0.851177 0.577268 0.0114656
0.898158 0.439681 0
0.946677 0.290628 0.0229312
1 0.256231 0.0458623

Points: 19
Width: 0.0692983
Duration: 137.219
Centroid: 0.497632 0.592632
0 0.493038 0.781645
0.0278979 0.444937 0.817721
0.0717552 0.408861 0.817721
0.100849 0.36076 0.817721
0.147983 0.312658 0.781645
0.209789 0.216456 0.637342
0.272054 0.18038 0.541139
0.330821 0.156329 0.312658
0.392268 0.216456 0.108228
0.451864 0.372785 0
0.515168 0.577215 0
0.577045 0.673418 0.0360759
0.634887 0.841772 0.18038
0.694853 0.901899 0.372785
0.756015 0.901899 0.468988
0.818162 0.781646 0.649367
0.87784 0.625316 0.733544
0.937842 0.529114 0.733544
1 0.505063 0.709494

Points: 24
Width: 0.0688889
Duration: 175.887
Centroid: 0.462778 0.574931
0 0.237903 0.706149
0.0335131 0.274194 0.742439
0.0559579 0.274194 0.742439
0.0790274 0.25 0.718245
0.113065 0.237903 0.657761
0.147189 0.225806 0.573084
0.193592 0.225806 0.367439
0.239114 0.262097 0.185987
0.288843 0.274194 0.125503
0.334684 0.298387 0.0771161
0.383372 0.310484 0.0892128
0.429089 0.310484 0.1376
0.476588 0.322581 0.331148
0.526469 0.370968 0.585181
0.573052 0.479839 0.778729
0.618427 0.612903 0.911793
0.666271 0.66129 0.935987
0.712709 0.758064 0.935987
0.761763 0.842742 0.815019
0.807416 0.903225 0.585181
0.85775 0.915322 0.464213
0.904108 0.963709 0.258567
0.951654 0.987903 0.149697
1 1 0.125503

Points: 0
Width: 2.76621e+19
Duration: 4.59163e-41
Centroid: 0 0

Points: 29
Width: 0.133218
Duration: 259.387
Centroid: 0.476379 0.649885
0 0.701251 0.781924
0.0192047 0.701251 0.831968
0.0305841 0.694996 0.856989
0.0536647 0.67623 0.888266
0.06873 0.663719 0.913288
0.100491 0.644953 0.938309
0.131349 0.60742 0.969586
0.162276 0.557377 0.969586
0.196932 0.532356 0.95082
0.228105 0.476057 0.863245
0.260071 0.438525 0.725626
0.293036 0.432269 0.544219
0.324443 0.451035 0.350302
0.355891 0.469802 0.262727
0.387481 0.501079 0.131363
0.419379 0.519845 0.0500431
0.452385 0.5261 0.0187662
0.485665 0.5261 0
0.740305 0.325928 0.287748
0.762972 0.313417 0.294004
0.778257 0.313417 0.300259
0.793876 0.300906 0.300259
0.816863 0.300906 0.300259
0.838208 0.307161 0.300259
0.871307 0.36346 0.300259
0.903395 0.400992 0.306515
0.935705 0.507334 0.331536
0.966805 0.60742 0.362813
1 0.638697 0.369068

Points: 17
Width: 0.0630392
Duration: 120.086
Centroid: 0.450294 0.563333
0 0.352255 0.698289
0.0500008 0.365474 0.552877
0.0832534 0.365474 0.460342
0.116136 0.365474 0.367807
0.16843 0.378694 0.262053
0.236358 0.418352 0.116641
0.305327 0.431571 0.076983
0.376106 0.44479 0.0505445
0.446079 0.44479 0.0902023
0.516622 0.405132 0.275272
0.58684 0.391913 0.394246
0.655118 0.391913 0.632193
0.723944 0.471229 0.777605
0.79045 0.616641 0.87014
0.8654 0.788492 0.936236
0.934133 0.867807 0.962675
1 1 0.975894

Points: 18
Width: 0.0674074
Duration: 129.429
Centroid: 0.458426 0.545741
0 0.4375 0.815935
0.0304107 0.388049 0.815935
0.076455 0.338599 0.815935
0.107024 0.289148 0.791209
0.16362 0.25206 0.729396
0.227456 0.190247 0.543956
0.292982 0.165522 0.309066
0.357746 0.190247 0.197802
0.421834 0.313873 0.0370879
0.484764 0.499313 0
0.549966 0.697115 0.0494505
0.616175 0.783654 0.123626
0.680784 0.894918 0.321428
0.741786 0.90728 0.531594
0.809681 0.796017 0.692308
0.871665 0.721841 0.741759
0.935912 0.585852 0.754121
1 0.548764 0.729396

Points: 30
Width: 0.0764999
Duration: 233.429
Centroid: 0.4785 0.568333
0 0.183006 0.619826
0.0423354 0.183006 0.59804
0.0681479 0.172113 0.554466
0.085152 0.161219 0.478214
0.108624 0.161219 0.380174
0.144389 0.172113 0.293028
0.180148 0.204792 0.129629
0.216854 0.226579 0.0424833
0.251764 0.237472 0.0206969
0.285971 0.237472 0.107843
0.322001 0.237472 0.194989
0.357405 0.259259 0.434641
0.394237 0.302832 0.663399
0.428498 0.357298 0.783225
0.466748 0.379084 0.805011
0.501327 0.411764 0.783225
0.537203 0.455337 0.685186
0.57192 0.509803 0.587146
0.607455 0.53159 0.554466
0.645252 0.586056 0.53268
0.679151 0.662309 0.576253
0.713939 0.771241 0.706972
0.750437 0.825708 0.772331
0.787175 0.912854 0.837691
0.822344 0.945534 0.815904
0.859489 0.96732 0.674292
0.894698 0.978213 0.489107
0.929614 0.978213 0.401961
0.966682 0.989107 0.271241
1 1 0.205882

Points: 0
Width: 2.76621e+19
Duration: 4.59163e-41
Centroid: 0 0

Points: 26
Width: 0.0553846
Duration: 194.607
Centroid: 0.511667 0.576282
0 0.680556 0.563658
0.0199119 0.680556 0.608796
0.040426 0.650463 0.653935
0.0710241 0.62037 0.699074
0.102924 0.605324 0.759259
0.143857 0.545139 0.87963
0.185234 0.469907 0.969907
0.229238 0.424769 1
0.273139 0.319444 0.984954
0.31476 0.184028 0.864583
0.358237 0.123842 0.744213
0.402072 0.0335647 0.458333
0.444972 0.0335647 0.187499
0.487012 0.153935 0.0370362
0.528469 0.319444 0.0219899
0.572408 0.394676 0.0520825
0.615037 0.530093 0.217592
0.657448 0.62037 0.42824
0.699281 0.635417 0.563658
0.744374 0.635417 0.59375
0.787043 0.635417 0.548611
0.829323 0.635417 0.413194
0.873684 0.695602 0.277777
0.914441 0.770834 0.187499
0.957499 0.78588 0.157407
1 0.815973 0.127314

Points: 0
Width: 2.76621e+19
Duration: 4.59163e-41
Centroid: 0 0

Points: 28
Width: 0.149405
Duration: 207.73
Centroid: 0.485774 0.627262
0 0.402589 0.944223
0.0186305 0.402589 0.983267
0.0477068 0.402589 0.994422
0.0668262 0.402589 1
0.0861148 0.397012 1
0.115497 0.397012 0.988845
0.154253 0.397012 0.910757
0.19543 0.397012 0.843825
0.23663 0.413745 0.659761
0.276152 0.419322 0.470119
0.316793 0.419322 0.386454
0.357698 0.419322 0.258167
0.397709 0.4249 0.191235
0.437024 0.430478 0.180079
0.478511 0.452789 0.213545
0.517295 0.469522 0.258167
0.558209 0.519721 0.341833
0.596739 0.575498 0.403187
0.635777 0.636852 0.41992
0.677951 0.659163 0.414343
0.71776 0.698207 0.375299
0.757663 0.71494 0.325099
0.799399 0.703785 0.280478
0.837079 0.659163 0.241434
0.880451 0.625697 0.224701
0.920575 0.558765 0.219123
0.9599 0.508566 0.230279
1 0.491832 0.241434

Points: 11
Width: 0.104394
Duration: 73.4629
Centroid: 0.512424 0.647727
0 0.480406 0.949927
0.134967 0.480406 0.925979
0.189642 0.480406 0.870101
0.271302 0.480406 0.790276
0.324183 0.488389 0.694484
0.432962 0.496372 0.582728
0.544612 0.504354 0.46299
0.655731 0.512337 0.159652
0.773536 0.520319 0.0478957
0.887698 0.528302 0.0159651
1 0.528302 0

Points: 26
Width: 0.0558975
Duration: 191.733
Centroid: 0.507564 0.577949
0 0.655963 0.59289
0.0203581 0.670871 0.652523
0.0421728 0.655963 0.697248
0.0727481 0.626146 0.741972
0.0934576 0.611238 0.801605
0.12958 0.581422 0.84633
0.17437 0.491972 0.935779
0.217434 0.432339 0.950687
0.259556 0.298165 0.935779
0.302982 0.149083 0.786697
0.345175 0.0298167 0.533257
0.390638 0 0.279816
0.433932 0.0298167 0.190367
0.47694 0.134174 0.100917
0.521756 0.298165 0.115825
0.563221 0.447248 0.25
0.616294 0.491972 0.354358
0.653857 0.581422 0.533257
0.695836 0.59633 0.607798
0.737912 0.611238 0.577982
0.781022 0.626146 0.518349
0.824198 0.670871 0.369266
0.869682 0.760321 0.235092
0.912008 0.819954 0.145642
0.956401 0.84977 0.130734
1 0.879587 0.115825

Points: 15
Width: 0.0747778
Duration: 103.795
Centroid: 0.482778 0.584778
0 0.670877 0.746657
0.056348 0.648588 0.802377
0.0956006 0.6263 0.83581
0.152701 0.604012 0.858098
0.192076 0.57058 0.880386
0.277647 0.537147 0.880386
0.358203 0.43685 0.846954
0.437282 0.325409 0.690936
0.514894 0.213967 0.45691
0.595281 0.191679 0.234027
0.677022 0.213967 0.144874
0.756798 0.369985 0.0334324
0.835557 0.57058 0
0.918051 0.670877 0.0111441
1 0.849183 0.0780088

Points: 33
Width: 0.117929
Duration: 315.544
Centroid: 0.508788 0.610404
0 0.342612 0.992934
0.0183215 0.342612 1
0.0310104 0.342612 1
0.0438696 0.342612 0.985867
0.0627172 0.342612 0.957602
0.0762448 0.342612 0.908137
0.101917 0.356745 0.837473
0.128628 0.38501 0.660814
0.154183 0.413276 0.455889
0.181857 0.427409 0.364026
0.20799 0.441542 0.222698
0.234126 0.448608 0.137901
0.259757 0.448608 0.109636
0.287602 0.448608 0.109636
0.570054 0.702998 0.597216
0.582427 0.702998 0.611349
0.601686 0.702998 0.611349
0.614007 0.688865 0.611349
0.630218 0.674732 0.604282
0.656183 0.653533 0.59015
0.683294 0.611135 0.540685
0.70948 0.547537 0.477088
0.735384 0.469807 0.420557
0.762891 0.441542 0.392291
0.789494 0.399143 0.356959
0.815336 0.392077 0.342826
0.841002 0.40621 0.314561
0.868333 0.462741 0.286295
0.89437 0.505139 0.265096
0.920818 0.597002 0.222698
0.946493 0.674732 0.187366
0.973595 0.702998 0.173233
1 0.73833 0.152034

Points: 0
Width: 2.76621e+19
Duration: 4.59163e-41
Centroid: 0 0

Points: 26
Width: 0.0650641
Duration: 194.072
Centroid: 0.476603 0.545385
0 0.0394082 0.906897
0.0304282 0.0522161 0.932512
0.0509837 0.0394082 0.919705
0.0716349 0.0266003 0.868473
0.102405 0.0266003 0.778818
0.143662 0.0650239 0.509852
0.185805 0.103448 0.368965
0.226282 0.180295 0.151231
0.268465 0.257142 0.0487681
0.312519 0.295566 0.0359603
0.356328 0.359606 0.0999996
0.399039 0.423645 0.27931
0.442203 0.474876 0.45862
0.484346 0.5133 0.52266
0.528888 0.538916 0.52266
0.571006 0.602955 0.433004
0.612464 0.679803 0.317734
0.655704 0.731034 0.27931
0.699864 0.820689 0.240886
0.741977 0.897537 0.292118
0.786499 0.948768 0.433004
0.828848 0.974384 0.612315
0.871856 0.974384 0.676354
0.914029 0.987192 0.753202
0.959151 0.987192 0.778818
1 1 0.778818

Points: 19
Width: 0.103947
Duration: 170.702
Centroid: 0.487719 0.587281
0 0.462869 0.416877
0.022523 0.478903 0.456962
0.0580438 0.494937 0.472996
0.081076 0.494937 0.481013
0.120716 0.494937 0.481013
0.168674 0.502954 0.416877
0.221311 0.502954 0.360759
0.267639 0.502954 0.232489
0.315963 0.510971 0.120253
0.367256 0.543038 0.0320675
0.413772 0.583122 0
0.77275 0.478903 0.705485
0.795559 0.494937 0.745569
0.830817 0.494937 0.753586
0.853712 0.494937 0.761603
0.889467 0.494937 0.76962
0.912625 0.494937 0.76962
0.951373 0.48692 0.76962
1 0.48692 0.753586

Points: 27
Width: 0.108025
Duration: 204.606
Centroid: 0.523457 0.561975
0 0.622857 0.344285
0.0190056 0.615143 0.367428
0.0388656 0.599714 0.390571
0.0677415 0.576571 0.429142
0.103839 0.545714 0.467714
0.143692 0.491714 0.544857
0.183073 0.43 0.591143
0.223428 0.391428 0.591143
0.265511 0.314285 0.544857
0.305589 0.229428 0.406
0.345834 0.190857 0.251714
0.38772 0.190857 0.19
0.428705 0.260285 0.120571
0.469332 0.368286 0.128285
0.511209 0.468571 0.220857
0.551091 0.561143 0.367428
0.59052 0.599714 0.467714
0.63286 0.630571 0.676
0.671588 0.622857 0.876571
0.712644 0.607429 0.938286
0.75276 0.576571 1
0.794384 0.576571 0.969143
0.836744 0.568857 0.838
0.876354 0.584286 0.637429
0.918221 0.607429 0.452285
0.958357 0.622857 0.382857
1 0.646 0.305714

Points: 17
Width: 0.0579412
Duration: 120.059
Centroid: 0.496569 0.544608
0 0.52961 0.704737
0.0489344 0.486463 0.747884
0.0821539 0.457698 0.762267
0.115471 0.414551 0.762267
0.16495 0.385786 0.747884
0.233081 0.299492 0.604061
0.30789 0.270727 0.474619
0.377469 0.256345 0.215736
0.445892 0.342639 0.0287648
0.515219 0.414551 0
0.586237 0.58714 0.0143824
0.650431 0.730964 0.172589
0.721864 0.802876 0.388324
0.796559 0.759728 0.618443
0.860127 0.702199 0.704737
0.931666 0.558375 0.776649
1 0.500846 0.776649

Points: 28
Width: 0.0747619
Duration: 208.128
Centroid: 0.513571 0.543691
0 0.130573 0.809713
0.0281621 0.130573 0.832006
0.0473482 0.130573 0.832006
0.0760781 0.130573 0.82086
0.0952736 0.152866 0.776274
0.118805 0.175159 0.687101
0.158416 0.186306 0.586783
0.200649 0.208598 0.464171
0.240612 0.275477 0.163216
0.278792 0.308917 0.0517509
0.320683 0.342357 0.0406044
0.361327 0.36465 0.0628974
0.400543 0.409236 0.218948
0.441829 0.442675 0.430732
0.480173 0.487261 0.586783
0.520211 0.498407 0.620222
0.560367 0.5207 0.620222
0.5994 0.55414 0.519904
0.640367 0.576433 0.453025
0.680513 0.643312 0.30812
0.720523 0.721338 0.230095
0.762344 0.81051 0.218948
0.801462 0.899682 0.30812
0.842326 0.944268 0.386146
0.882795 1 0.664808
0.922195 1 0.731688
0.960633 0.988854 0.78742
1 0.966561 0.78742

Points: 0
Width: 2.76621e+19
Duration: 4.59163e-41
Centroid: 0 0

Points: 22
Width: 0.0796212
Duration: 162.968
Centroid: 0.518788 0.576288
0 0.748335 0.826832
0.0354808 0.737869 0.879163
0.060469 0.70647 0.900095
0.0834317 0.664605 0.921028
0.129843 0.633206 0.931494
0.179741 0.549476 0.94196
0.230808 0.497145 0.910561
0.283223 0.382017 0.816365
0.334458 0.256422 0.680305
0.385033 0.172692 0.55471
0.437179 0.162226 0.502379
0.489408 0.256422 0.408183
0.540044 0.329686 0.397717
0.588504 0.518078 0.366318
0.637989 0.675071 0.30352
0.690057 0.727402 0.272122
0.743233 0.748335 0.177926
0.793803 0.675071 0.0837297
0.84481 0.612274 0.0418649
0.894966 0.382017 0
0.94804 0.31922 0.0104662
1 0.245956 0.0732635

Points: 25
Width: 0.107267
Duration: 186.14
Centroid: 0.543267 0.496067
0 0.407085 0.362958
0.0317827 0.430392 0.230889
0.0530463 0.445929 0.168739
0.0745933 0.453698 0.114357
0.10689 0.469236 0.075513
0.149475 0.477005 0.0366691
0.193844 0.484773 0.0133627
0.236481 0.477005 0.0289003
0.283563 0.445929 0.137664
0.327039 0.430392 0.22312
0.371602 0.383779 0.448415
0.415766 0.37601 0.681479
0.46109 0.383779 0.774705
0.505338 0.477005 0.961156
0.551386 0.523617 0.984462
0.597559 0.593536 1
0.641545 0.647918 0.93785
0.685258 0.671224 0.891237
0.729417 0.686762 0.782474
0.773597 0.678993 0.689248
0.817341 0.640149 0.619329
0.864318 0.562461 0.580485
0.909384 0.515848 0.572716
0.954939 0.430392 0.588254
1 0.407085 0.596022

Points: 22
Width: 0.107273
Duration: 199.961
Centroid: 0.543712 0.592273
0 0.459393 0.512712
0.0193104 0.47493 0.551554
0.0398906 0.47493 0.56709
0.0690565 0.467161 0.56709
0.0886697 0.467161 0.559322
0.125122 0.467161 0.528249
0.166502 0.459393 0.403955
0.208898 0.451625 0.326271
0.248208 0.451625 0.170904
0.289715 0.47493 0.0543785
0.333434 0.537077 0.00776835
0.373374 0.61476 0
0.417489 0.645833 0.0155367
0.458356 0.692444 0.0776835
0.799668 0.498235 0.792373
0.819193 0.498235 0.831214
0.838679 0.498235 0.838983
0.869022 0.482698 0.846751
0.889085 0.47493 0.846751
0.919022 0.47493 0.846751
0.958185 0.467161 0.838983
1 0.467161 0.815678

Points: 31
Width: 0.0994624
Duration: 230.438
Centroid: 0.550699 0.565538
0 0.613783 0.413514
0.0171506 0.597027 0.455406
0.0431455 0.588648 0.488919
0.0603003 0.563513 0.522433
0.0862825 0.546756 0.555946
0.103848 0.521621 0.58946
0.133115 0.479729 0.622973
0.168492 0.404324 0.656487
0.203425 0.362432 0.656487
0.239735 0.27027 0.581082
0.275104 0.178108 0.405135
0.3133 0.127838 0.195676
0.34727 0.152973 0.0448654
0.384495 0.203243 0.0113516
0.421496 0.32054 0.0197303
0.457882 0.437838 0.120271
0.494251 0.488108 0.195676
0.530078 0.597027 0.522433
0.564689 0.613783 0.63973
0.602448 0.63054 0.840811
0.637512 0.63054 0.94973
0.673576 0.63054 0.974865
0.710767 0.613783 1
0.746662 0.597027 0.974865
0.78156 0.58027 0.857568
0.819417 0.58027 0.648109
0.855939 0.58027 0.530811
0.89149 0.613783 0.346487
0.926702 0.647297 0.254325
0.963847 0.664054 0.212433
1 0.664054 0.212433

Points: 24
Width: 0.0606945
Duration: 178.157
Centroid: 0.510694 0.520694
0 0.19222 0.727689
0.0217833 0.20595 0.645309
0.0440874 0.21968 0.604119
0.077771 0.24714 0.549199
0.112502 0.28833 0.494279
0.157269 0.425629 0.439359
0.206388 0.590389 0.439359
0.253315 0.659039 0.453089
0.301914 0.768879 0.549199
0.348144 0.837529 0.659039
0.393509 0.851259 0.796339
0.439433 0.823799 0.864989
0.485937 0.713959 0.933638
0.532141 0.590389 0.947368
0.58018 0.466819 0.851259
0.627008 0.398169 0.768879
0.674204 0.28833 0.549199
0.721903 0.21968 0.32952
0.76758 0.23341 0.12357
0.815532 0.274599 0.0686498
0.86298 0.411899 0
0.909534 0.590389 0
0.95406 0.782609 0.0686498
1 0.919908 0.1373

Points: 19
Width: 0.0728948
Duration: 135.765
Centroid: 0.495439 0.540965
0 0.25692 0.676294
0.0724125 0.25692 0.619134
0.101897 0.268352 0.539109
0.14589 0.291216 0.447653
0.1761 0.31408 0.356197
0.205527 0.348376 0.264741
0.264366 0.382672 0.196149
0.324234 0.4284 0.104693
0.383066 0.451264 0.0932614
0.448523 0.451264 0.104693
0.508053 0.451264 0.219013
0.569697 0.439832 0.424789
0.632212 0.462696 0.630566
0.692346 0.54272 0.756318
0.755522 0.611312 0.790614
0.814024 0.737064 0.82491
0.878955 0.874248 0.82491
0.937392 0.931408 0.82491
1 1 0.802046

Points: 0
Width: 2.76621e+19
Duration: 4.59163e-41
Centroid: 0 0

Points: 20
Width: 0.1085
Duration: 207.774
Centroid: 0.513833 0.5735
0 0.428571 0.514593
0.0280503 0.451613 0.529954
0.0472972 0.451613 0.529954
0.075982 0.443932 0.529954
0.0952477 0.436252 0.514593
0.118551 0.428571 0.47619
0.159282 0.428571 0.422427
0.20054 0.420891 0.284178
0.240876 0.466974 0.138249
0.279045 0.528418 0.0460832
0.32137 0.597542 0.00768048
0.362111 0.628264 0
0.401164 0.651306 0
0.849376 0.520737 0.852534
0.864754 0.536098 0.867895
0.883663 0.536098 0.867895
0.912545 0.520737 0.867895
0.931618 0.513057 0.860215
0.960087 0.505376 0.852534
1 0.505376 0.837173

Points: 24
Width: 0.0797223
Duration: 179.091
Centroid: 0.524444 0.539722
0 0.681184 0.763065
0.0326355 0.681184 0.81533
0.0549488 0.670731 0.846689
0.0882005 0.639373 0.867595
0.115634 0.608014 0.878048
0.16074 0.587108 0.898954
0.207597 0.566202 0.898954
0.256673 0.451219 0.867595
0.301801 0.357143 0.773518
0.346542 0.263067 0.648083
0.395885 0.231708 0.595818
0.439885 0.221255 0.512194
0.488137 0.273519 0.470382
0.534972 0.336237 0.45993
0.579522 0.482578 0.439024
0.629007 0.618467 0.397212
0.672908 0.712543 0.313588
0.719242 0.733449 0.209059
0.765897 0.733449 0.146341
0.813489 0.649826 0.062718
0.859681 0.513937 0
0.904471 0.388502 0
0.953078 0.304878 0.0522647
1 0.294425 0.0836239

Points: 0
Width: 2.76621e+19
Duration: 4.59163e-41
Centroid: 0 0

Points: 26
Width: 0.0658334
Duration: 193.343
Centroid: 0.527308 0.549167
0 0.659688 0.658227
0.0201179 0.659688 0.696202
0.0513125 0.64703 0.721519
0.0719759 0.609055 0.759493
0.0931999 0.583739 0.797468
0.137795 0.545764 0.822784
0.178682 0.457156 0.873417
0.22157 0.343232 0.886075
0.264937 0.2926 0.848101
0.309658 0.102726 0.582278
0.35246 0.0647516 0.455695
0.394004 0.0394352 0.202531
0.439103 0.115384 0.0379746
0.481784 0.191334 0
0.523651 0.330574 0.0126582
0.566458 0.482473 0.13924
0.610669 0.596397 0.341772
0.652263 0.64703 0.556961
0.695974 0.659688 0.645569
0.738457 0.659688 0.70886
0.783507 0.64703 0.645569
0.826682 0.64703 0.582278
0.871221 0.672346 0.405063
0.913568 0.735637 0.265822
0.955845 0.798928 0.189873
1 0.811586 0.164557

Points: 27
Width: 0.148395
Duration: 203.82
Centroid: 0.506049 0.603272
0 0.406614 0.966306
0.0288436 0.400998 0.994384
0.0484591 0.395383 1
0.0680076 0.389767 1
0.0980681 0.389767 0.988769
0.13774 0.389767 0.904534
0.182625 0.395383 0.831531
0.222709 0.417845 0.65183
0.261921 0.434692 0.466514
0.302743 0.440308 0.387895
0.344868 0.440308 0.281198
0.385718 0.440308 0.241888
0.425927 0.440308 0.241888
0.468052 0.457155 0.292429
0.50895 0.468386 0.331739
0.549724 0.518927 0.404742
0.588668 0.586315 0.444052
0.628455 0.636855 0.449667
0.671461 0.653702 0.444052
0.712216 0.68178 0.399126
0.752606 0.693012 0.34297
0.794971 0.68178 0.286814
0.834078 0.642471 0.247504
0.876557 0.614393 0.230657
0.916517 0.547005 0.21381
0.958565 0.485233 0.219426
1 0.451539 0.236273

Points: 20
Width: 0.0674167
Duration: 138.484
Centroid: 0.4995 0.54075
0 0.466625 0.729295
0.0271212 0.404821 0.716934
0.0698409 0.367738 0.704573
0.0986686 0.330655 0.679851
0.14239 0.305933 0.630408
0.17157 0.281211 0.568603
0.216349 0.256489 0.482076
0.274822 0.256489 0.27194
0.33747 0.256489 0.160692
0.397538 0.355377 0.0247219
0.456702 0.516069 0
0.519731 0.6644 0.0494437
0.576752 0.800371 0.197775
0.637778 0.837454 0.296662
0.701427 0.849814 0.506798
0.759746 0.763288 0.704573
0.82104 0.652039 0.815822
0.878878 0.577874 0.840544
0.938424 0.553152 0.840544
1 0.503708 0.778739

Points: 24
Width: 0.0661112
Duration: 178.238
Centroid: 0.497639 0.534445
0 0.152311 0.831932
0.0212146 0.164917 0.857142
0.0550198 0.164917 0.819327
0.0772097 0.152311 0.768907
0.112089 0.139706 0.680672
0.156655 0.139706 0.441176
0.206239 0.152311 0.315126
0.254849 0.215337 0.113446
0.299053 0.316177 0.0126055
0.346381 0.379202 0
0.390618 0.492647 0.0504205
0.437244 0.593487 0.201681
0.485634 0.681722 0.428571
0.531307 0.719537 0.693277
0.579346 0.732142 0.806722
0.6264 0.732142 0.945377
0.671064 0.706932 0.970587
0.718041 0.694327 0.894957
0.767505 0.694327 0.693277
0.814756 0.719537 0.567226
0.859486 0.757353 0.352941
0.906036 0.820378 0.214286
0.952738 0.832983 0.176471
1 0.845588 0.163866

Points: 27
Width: 0.122531
Duration: 266.533
Centroid: 0.507222 0.582469
0 0.470529 0.986398
0.0218518 0.484131 1
0.0369106 0.484131 0.993199
0.0518888 0.484131 0.979597
0.0743048 0.484131 0.938791
0.0920602 0.490932 0.884383
0.124581 0.490932 0.809572
0.155586 0.490932 0.721159
0.187535 0.490932 0.415114
0.21736 0.497733 0.238287
0.250555 0.518136 0.12267
0.282256 0.531738 0.0818644
0.311809 0.572544 0.0410584
0.342762 0.633753 0.0410584
0.374374 0.667758 0.0614614
0.406024 0.735768 0.12267
0.437438 0.762972 0.156675
0.780237 0.320907 0.489925
0.79457 0.286902 0.489925
0.817308 0.286902 0.489925
0.832301 0.286902 0.483124
0.846825 0.307305 0.483124
0.875763 0.348111 0.476323
0.906914 0.402519 0.476323
0.938065 0.592947 0.489925
0.970278 0.647355 0.503527
1 0.728967 0.52393

Points: 0
Width: 2.76621e+19
Duration: 4.59163e-41
Centroid: 0 0

Points: 31
Width: 0.139624
Duration: 275.947
Centroid: 0.506236 0.604624
0 0.686562 0.763958
0.0141133 0.704467 0.769927
0.0358637 0.704467 0.775895
0.0504724 0.698498 0.781864
0.0645575 0.69253 0.7938
0.0944686 0.686562 0.811706
0.125647 0.674625 0.841548
0.155416 0.644783 0.87139
0.184952 0.626877 0.883327
0.215925 0.57913 0.889295
0.246728 0.525414 0.865422
0.275755 0.46573 0.781864
0.305192 0.412014 0.656527
0.335818 0.394109 0.578937
0.365403 0.38814 0.411821
0.39685 0.412014 0.256642
0.426528 0.429919 0.196958
0.457883 0.46573 0.0954949
0.487992 0.489604 0.0298423
0.517727 0.50154 0
0.546732 0.50154 0
0.782794 0.304582 0.334232
0.804254 0.292646 0.346169
0.819309 0.286677 0.346169
0.840457 0.286677 0.346169
0.854811 0.298614 0.3402
0.87935 0.322488 0.334232
0.909247 0.358298 0.328263
0.940128 0.453793 0.334232
0.970712 0.591067 0.364074
1 0.620909 0.370042

Points: 18
Width: 0.0861111
Duration: 173.236
Centroid: 0.49713 0.551111
0 0.487635 0.590323
0.0227967 0.497312 0.580645
0.0571722 0.497312 0.541936
0.081164 0.497312 0.503226
0.103239 0.497312 0.435484
0.137355 0.497312 0.367742
0.180536 0.497312 0.290323
0.227911 0.50699 0.145161
0.277845 0.526344 0.0483874
0.322198 0.565054 0.00967741
0.371219 0.584409 0
0.422765 0.603764 0
0.843467 0.448925 0.909677
0.865666 0.458603 0.929032
0.90082 0.458603 0.929032
0.922929 0.458603 0.929032
0.95099 0.458603 0.909677
1 0.458603 0.880645

Points: 28
Width: 0.11875
Duration: 260.643
Centroid: 0.517738 0.582083
0 0.74812 0.807017
0.0150619 0.741103 0.85614
0.0303936 0.727068 0.88421
0.0533912 0.706015 0.912281
0.0721474 0.69198 0.933333
0.104827 0.670928 0.954386
0.137296 0.649875 0.968421
0.169106 0.558647 0.947368
0.199784 0.481454 0.85614
0.233273 0.411278 0.722807
0.265847 0.390226 0.638596
0.296173 0.376191 0.463158
0.327833 0.411278 0.294737
0.360198 0.439349 0.217544
0.392644 0.488471 0.105263
0.424394 0.516541 0.0350879
0.455972 0.530577 0.00701754
0.489273 0.530577 0
0.775195 0.334085 0.308772
0.790092 0.313033 0.315789
0.81315 0.313033 0.322807
0.828481 0.313033 0.322807
0.843716 0.327068 0.329824
0.87273 0.348121 0.336842
0.904458 0.383208 0.343859
0.936036 0.425314 0.350877
0.967014 0.565664 0.378947
1 0.60777 0.385965

Points: 25
Width: 0.113333
Duration: 240.734
Centroid: 0.508533 0.576667
0 0.484412 0.94853
0.0245343 0.491765 0.963236
0.0408824 0.491765 0.963236
0.057628 0.491765 0.963236
0.0826086 0.491765 0.941178
0.100117 0.491765 0.904413
0.136837 0.491765 0.852942
0.171294 0.491765 0.69853
0.205102 0.491765 0.492648
0.241051 0.491765 0.286765
0.273325 0.491765 0.205883
0.30964 0.506471 0.0882356
0.342847 0.535882 0.029412
0.377475 0.587353 0
0.413043 0.616765 0
0.447897 0.675589 0.0147059
0.789633 0.410882 0.455883
0.80534 0.381471 0.44853
0.82224 0.381471 0.44853
0.847302 0.381471 0.44853
0.86339 0.396177 0.44853
0.895599 0.418235 0.44853
0.933026 0.506471 0.455883
0.966931 0.609412 0.485295
1 0.690295 0.507354

Points: 26
Width: 0.0548717
Duration: 189.992
Centroid: 0.485256 0.508462
0 0.148364 0.6507
0.0204675 0.102803 0.589953
0.0518422 0.102803 0.559579
0.0730396 0.102803 0.514018
0.0940314 0.133177 0.468457
0.125457 0.193925 0.438084
0.167081 0.285047 0.40771
0.210011 0.482477 0.40771
0.255962 0.66472 0.438084
0.29884 0.816589 0.514018
0.343785 0.86215 0.559579
0.388472 0.907711 0.681074
0.431956 0.907711 0.80257
0.473334 0.831776 0.924065
0.516201 0.725468 1
0.561485 0.66472 1
0.606511 0.512851 0.924065
0.649461 0.345794 0.726635
0.693367 0.26986 0.60514
0.738538 0.193925 0.331775
0.782516 0.209112 0.119158
0.82526 0.360981 0.0280362
0.867809 0.588785 0.0128493
0.914953 0.710281 0.0280362
0.956649 0.907711 0.119158
1 0.968459 0.149532

Points: 24
Width: 0.0710417
Duration: 172.127
Centroid: 0.497847 0.519375
0 0.245357 0.6217
0.0233862 0.221897 0.563049
0.0463525 0.221897 0.539589
0.0813013 0.245357 0.516129
0.105039 0.292278 0.504399
0.139216 0.362659 0.492668
0.179135 0.43304 0.492668
0.226044 0.597263 0.527859
0.276549 0.749756 0.6217
0.324842 0.796677 0.668621
0.371138 0.867058 0.774193
0.419476 0.855328 0.879765
0.465931 0.749756 0.950146
0.517003 0.691105 0.961877
0.565841 0.562073 0.926686
0.613113 0.42131 0.774193
0.663221 0.280548 0.527859
0.709017 0.221897 0.269795
0.760805 0.221897 0.164223
0.806477 0.315738 0.0351906
0.856665 0.479961 0
0.906001 0.562073 0
0.951821 0.738026 0.0586509
1 0.867058 0.129032

Points: 24
Width: 0.0638889
Duration: 185.355
Centroid: 0.506597 0.517778
0 0.174457 0.843478
0.0534868 0.187501 0.791304
0.075088 0.187501 0.726086
0.106942 0.187501 0.634782
0.146614 0.187501 0.517391
0.190554 0.213588 0.295652
0.236043 0.226631 0.204348
0.278677 0.252718 0.0608693
0.323418 0.265761 0.0217389
0.369824 0.265761 0.0608693
0.413753 0.265761 0.230435
0.460148 0.265761 0.347826
0.5053 0.317935 0.595652
0.550642 0.435327 0.804348
0.593075 0.578805 0.934782
0.64044 0.722283 1
0.686076 0.787501 1
0.728984 0.878805 0.908695
0.773208 0.930979 0.699999
0.819772 0.944022 0.491304
0.86288 0.930979 0.308696
0.909275 0.930979 0.230435
0.953257 0.930979 0.152174
1 0.930979 0.139131

Points: 0
Width: 2.76621e+19
Duration: 4.59163e-41
Centroid: 0 0

Points: 26
Width: 0.136346
Duration: 251.947
Centroid: 0.515256 0.58468
0 0.505172 0.965679
0.0230548 0.517395 0.990127
0.0386443 0.517395 0.996238
0.0623193 0.511283 0.996238
0.0785367 0.511283 0.984015
0.105731 0.511283 0.947343
0.137964 0.505172 0.812881
0.17181 0.505172 0.727315
0.20554 0.492948 0.415609
0.238362 0.492948 0.317818
0.272099 0.49906 0.152797
0.304472 0.523507 0.055007
0.338535 0.547955 0.0244475
0.369528 0.590738 0
0.402157 0.639633 0.00611189
0.435436 0.657969 0.0244475
0.769615 0.401269 0.470616
0.785011 0.364598 0.464504
0.808817 0.358486 0.458392
0.824771 0.358486 0.45228
0.848601 0.364598 0.446168
0.865315 0.395158 0.440056
0.89999 0.425717 0.440056
0.933417 0.474612 0.440056
0.965759 0.62741 0.476728
1 0.700752 0.495063

Points: 19
Width: 0.101579
Duration: 186.631
Centroid: 0.503947 0.549912
0 0.472366 0.516839
0.0205955 0.48057 0.533247
0.0422584 0.48057 0.533247
0.0741039 0.48057 0.525043
0.106661 0.48057 0.500432
0.150217 0.48057 0.401986
0.197216 0.48057 0.336356
0.241651 0.488773 0.196891
0.285825 0.505181 0.0820379
0.329119 0.537996 0.0164076
0.375386 0.570811 0
0.41912 0.595423 0
0.835435 0.488773 0.82038
0.856324 0.496977 0.844991
0.877578 0.496977 0.853195
0.910272 0.496977 0.853195
0.93139 0.488773 0.844991
0.953849 0.488773 0.828583
1 0.488773 0.812176

Points: 34
Width: 0.0690687
Duration: 256.607
Centroid: 0.520196 0.504069
0 0.184883 0.663591
0.014119 0.209014 0.675656
0.0382393 0.209014 0.61533
0.0542536 0.209014 0.542938
0.0696209 0.209014 0.446416
0.0929268 0.221079 0.349893
0.123715 0.221079 0.241306
0.155987 0.24521 0.0844569
0.186341 0.26934 0.0120653
0.218362 0.26934 0
0.251882 0.26934 0.0241306
0.285577 0.26934 0.168914
0.317149 0.26934 0.422285
0.350053 0.26934 0.699786
0.382911 0.305536 0.796309
0.415701 0.353797 0.904897
0.447387 0.389993 0.904897
0.478479 0.426189 0.808374
0.511413 0.450319 0.723917
0.544401 0.47445 0.591199
0.576703 0.510646 0.506742
0.608465 0.546842 0.494677
0.641521 0.570972 0.494677
0.674692 0.667495 0.603264
0.706781 0.764017 0.735982
0.740735 0.836409 0.82044
0.771865 0.872604 0.82044
0.804183 0.88467 0.784243
0.836037 0.9088 0.63946
0.870379 0.920865 0.470546
0.90141 0.932931 0.386089
0.93401 0.944996 0.241306
0.966662 0.957061 0.168914
1 0.957061 0.156849

Points: 21
Width: 0.0688888
Duration: 156.076
Centroid: 0.509286 0.502222
0 0.178571 0.629032
0.0366157 0.178571 0.568549
0.0629826 0.202765 0.544355
0.094355 0.239055 0.532258
0.148152 0.299539 0.508065
0.200773 0.37212 0.495968
0.25616 0.614055 0.544355
0.307154 0.759217 0.641129
0.364193 0.807604 0.701613
0.418028 0.843894 0.822581
0.470048 0.795507 0.907259
0.520992 0.662442 0.931452
0.574427 0.589861 0.895162
0.62741 0.4447 0.737903
0.681708 0.323732 0.483871
0.734755 0.275345 0.229839
0.789566 0.287442 0.120968
0.844114 0.468894 0
0.896798 0.553571 0
0.948067 0.735023 0.0604839
1 0.868088 0.145161

Points: 25
Width: 0.0688
Duration: 185.73
Centroid: 0.5226 0.5288
0 0.687015 0.847868
0.0209582 0.687015 0.884205
0.0421793 0.687015 0.90843
0.0745999 0.650678 0.920543
0.101068 0.638566 0.944767
0.147202 0.614341 0.968992
0.192199 0.565891 0.981105
0.236713 0.468992 0.932655
0.282668 0.347868 0.811531
0.32735 0.226744 0.641957
0.372894 0.178294 0.569283
0.41582 0.141957 0.472383
0.459924 0.178294 0.423934
0.505342 0.226744 0.411822
0.550161 0.456879 0.387597
0.595632 0.541666 0.387597
0.641786 0.687015 0.327035
0.685995 0.759689 0.242248
0.730772 0.771802 0.193799
0.774003 0.759689 0.121124
0.818453 0.687015 0.0484495
0.865785 0.553778 0
0.908922 0.40843 0
0.954508 0.335755 0.0121124
1 0.238856 0.0605619

Points: 0
Width: 2.76621e+19
Duration: 4.59163e-41
Centroid: 0 0

Points: 33
Width: 0.0740404
Duration: 256.129
Centroid: 0.522626 0.530808
0 0.0995907 0.843451
0.0231283 0.110846 0.854706
0.0384785 0.110846 0.809686
0.0549269 0.110846 0.742155
0.0884336 0.110846 0.652114
0.122085 0.110846 0.438267
0.153846 0.122101 0.24693
0.18675 0.133356 0.123124
0.217885 0.144611 0.100614
0.2522 0.155866 0.100614
0.284128 0.167121 0.190655
0.315431 0.212142 0.393246
0.348213 0.234652 0.505797
0.380614 0.302183 0.697135
0.41419 0.358458 0.809686
0.44595 0.403479 0.820941
0.479861 0.425989 0.809686
0.512651 0.459754 0.697135
0.544365 0.51603 0.562073
0.57608 0.561051 0.449522
0.609816 0.617326 0.415757
0.641591 0.651091 0.415757
0.673207 0.741132 0.505797
0.709184 0.853683 0.652114
0.739786 0.898704 0.70839
0.772141 0.954979 0.75341
0.804633 0.977489 0.697135
0.836035 0.977489 0.539563
0.868863 0.988745 0.370736
0.901485 0.988745 0.280695
0.933864 1 0.156889
0.968789 1 0.0893586
1 1 0.066848

Points: 20
Width: 0.0685833
Duration: 140.023
Centroid: 0.53075 0.521917
0 0.44593 0.765492
0.0281342 0.433779 0.801944
0.0567427 0.421628 0.801944
0.0994393 0.385176 0.801944
0.127797 0.360875 0.801944
0.170786 0.336574 0.753342
0.22679 0.300122 0.692589
0.28568 0.26367 0.461726
0.347389 0.26367 0.218712
0.405889 0.348724 0.0486026
0.467095 0.409478 0.0121507
0.522987 0.579587 0
0.586202 0.725395 0.0850546
0.64307 0.786148 0.145808
0.701068 0.846902 0.388822
0.761577 0.834751 0.473876
0.822337 0.713244 0.619684
0.881451 0.579587 0.71689
0.941514 0.494532 0.71689
1 0.470231 0.692589

Points: 19
Width: 0.0607895
Duration: 139.359
Centroid: 0.501667 0.507456
0 0.253247 0.534632
0.041989 0.294372 0.438673
0.0707338 0.308081 0.356422
0.101497 0.335498 0.274171
0.16207 0.376623 0.178211
0.223456 0.40404 0.109668
0.282445 0.458874 0
0.342934 0.458874 0
0.402736 0.458874 0.0959595
0.463519 0.431457 0.19192
0.521976 0.40404 0.438673
0.579675 0.390332 0.685426
0.643906 0.40404 0.767677
0.700877 0.472583 0.863637
0.760427 0.582251 0.932179
0.818491 0.719336 0.945888
0.880662 0.856422 0.932179
0.941095 0.924964 0.891054
1 0.96609 0.863637

Points: 24
Width: 0.0672223
Duration: 178.738
Centroid: 0.508889 0.495556
0 0.247934 0.669421
0.0331643 0.235538 0.657024
0.0555871 0.235538 0.632231
0.08897 0.247934 0.595041
0.112376 0.272728 0.557851
0.161429 0.322315 0.520661
0.207892 0.384298 0.483471
0.254245 0.595042 0.458677
0.298949 0.731405 0.520661
0.345488 0.780992 0.570247
0.39335 0.842976 0.681818
0.440381 0.867769 0.805784
0.485685 0.805786 0.904958
0.533765 0.743802 0.929751
0.580556 0.595042 0.904958
0.627073 0.433885 0.756198
0.671504 0.297521 0.533057
0.716929 0.223141 0.285123
0.765916 0.223141 0.173553
0.812324 0.297521 0.03719
0.858459 0.433885 0
0.905435 0.533058 0.0123967
0.951341 0.793389 0.136363
1 0.855372 0.173553

Points: 0
Width: 2.76621e+19
Duration: 4.59163e-41
Centroid: 0 0

Points: 28
Width: 0.100714
Duration: 207.709
Centroid: 0.465536 0.500714
0 0.364953 0.686761
0.0284352 0.373227 0.58747
0.0475613 0.381501 0.513002
0.0765043 0.381501 0.43026
0.0956491 0.389775 0.339243
0.114465 0.39805 0.239953
0.157362 0.406324 0.165485
0.198558 0.414598 0.0496456
0.237665 0.422872 0.00827422
0.278287 0.422872 0
0.316624 0.422872 0.0330972
0.356606 0.39805 0.140662
0.395752 0.373227 0.322695
0.437314 0.373227 0.537825
0.477484 0.373227 0.64539
0.518623 0.414598 0.810875
0.558793 0.472518 0.910165
0.596951 0.55526 0.943262
0.637329 0.596631 0.934988
0.677236 0.687648 0.86052
0.719277 0.762116 0.752955
0.757821 0.795213 0.661938
0.797775 0.795213 0.628841
0.839168 0.762116 0.579196
0.879141 0.679374 0.554373
0.918559 0.571809 0.546099
0.95951 0.530437 0.554373
1 0.480792 0.562648

Points: 18
Width: 0.0593519
Duration: 125.053
Centroid: 0.48463 0.539352
0 0.348673 0.772231
0.0301435 0.334633 0.786271
0.0776235 0.320592 0.786271
0.10872 0.292511 0.75819
0.142534 0.26443 0.687987
0.19776 0.25039 0.589703
0.266075 0.236349 0.463338
0.33325 0.25039 0.210608
0.39966 0.376755 0.0421216
0.468271 0.545241 0
0.53379 0.713728 0.0421216
0.598232 0.783931 0.112324
0.664563 0.868174 0.294851
0.730879 0.868174 0.50546
0.797648 0.826052 0.617785
0.863401 0.629485 0.800312
0.931857 0.573322 0.786271
1 0.51716 0.744149

Points: 27
Width: 0.126605
Duration: 260.131
Centroid: 0.492099 0.583395
0 0.511458 0.960507
0.014994 0.524622 0.993418
0.0302657 0.531204 1
0.053286 0.531204 1
0.0691509 0.531204 1
0.102157 0.524622 0.973671
0.135479 0.51804 0.934178
0.167036 0.491711 0.716967
0.199111 0.485129 0.624817
0.231314 0.471965 0.315455
0.26167 0.478547 0.223305
0.293985 0.511458 0.111409
0.325895 0.570697 0.0521695
0.358136 0.61019 0.0455871
0.391007 0.695758 0.0521695
0.423307 0.768162 0.0982445
0.453768 0.79449 0.124573
0.776893 0.320575 0.427352
0.791444 0.287664 0.414188
0.814486 0.281082 0.414188
0.830171 0.281082 0.407606
0.852884 0.287664 0.407606
0.872037 0.320575 0.407606
0.902783 0.373232 0.407606
0.934656 0.432472 0.414188
0.966416 0.629936 0.473427
1 0.735251 0.499756

Points: 25
Width: 0.0586
Duration: 181.824
Centroid: 0.479533 0.500267
0 0.219568 0.725256
0.021677 0.219568 0.625711
0.0543537 0.219568 0.583049
0.0764174 0.219568 0.540387
0.0983952 0.26223 0.497725
0.131394 0.319113 0.469283
0.174608 0.375996 0.440842
0.219767 0.532424 0.440842
0.263927 0.66041 0.497725
0.308634 0.774176 0.61149
0.356736 0.816838 0.696814
0.402335 0.845279 0.839021
0.447881 0.802617 0.967008
0.49406 0.759955 0.995449
0.539208 0.560865 0.967008
0.586504 0.475541 0.895904
0.630298 0.319113 0.682594
0.675285 0.205347 0.412401
0.72212 0.191127 0.284414
0.76774 0.233789 0.0853241
0.814016 0.375996 0
0.858433 0.589307 0
0.906106 0.774176 0.0426621
0.952296 0.845279 0.0853241
1 0.902162 0.113766

Points: 24
Width: 0.0594445
Duration: 177.764
Centroid: 0.488889 0.504931
0 0.172898 0.766939
0.021436 0.200935 0.766939
0.0443773 0.200935 0.710864
0.0780641 0.200935 0.640771
0.109103 0.214954 0.54264
0.153821 0.214954 0.430491
0.200967 0.228972 0.318341
0.249717 0.25701 0.0800235
0.29304 0.271028 0.0379675
0.342021 0.285047 0.0519862
0.389189 0.299066 0.108061
0.43773 0.299066 0.304323
0.484612 0.327103 0.556659
0.529198 0.411215 0.75292
0.575521 0.46729 0.823013
0.622941 0.565421 0.921145
0.66867 0.691589 0.949182
0.716959 0.831775 0.893107
0.763863 0.887851 0.808995
0.811734 0.971963 0.598715
0.858661 1 0.388435
0.904367 1 0.220211
0.95281 1 0.178154
1 1 0.150117

Points: 27
Width: 0.115124
Duration: 283.447
Centroid: 0.506358 0.549876
0 0.486863 0.978284
0.0134918 0.508579 1
0.0287132 0.508579 1
0.0490198 0.508579 1
0.0630698 0.508579 1
0.0896951 0.508579 0.978284
0.117857 0.508579 0.869705
0.147204 0.508579 0.790081
0.177537 0.508579 0.580161
0.206891 0.508579 0.370242
0.235604 0.515818 0.196515
0.266177 0.530295 0.138606
0.295545 0.566488 0.0662204
0.324803 0.624397 0.0445046
0.353978 0.689544 0.0445046
0.381719 0.754692 0.0806976
0.412307 0.783646 0.102413
0.441971 0.819839 0.138606
0.811569 0.276944 0.457105
0.832283 0.247989 0.457105
0.846381 0.240751 0.457105
0.860327 0.240751 0.457105
0.882191 0.262467 0.457105
0.910856 0.342091 0.449866
0.942891 0.4 0.449866
0.969757 0.515818 0.457105
1 0.624397 0.478821

