Points: 24
Width: 0.150972
Duration: 178.714
Centroid: 0.398889 0.675694
0 0.338086 1
0.021613 0.343606 0.961362
0.0553541 0.349126 0.911684
0.0776461 0.349126 0.856486
0.111849 0.354646 0.779209
0.15759 0.360165 0.707452
0.206724 0.371205 0.552898
0.252394 0.382245 0.420423
0.299024 0.382245 0.321067
0.347547 0.382245 0.26035
0.391126 0.382245 0.24379
0.445926 0.387764 0.24931
0.488242 0.409844 0.304508
0.532517 0.459522 0.403864
0.579735 0.49264 0.459061
0.624888 0.564397 0.536339
0.671775 0.625115 0.563937
0.719682 0.669273 0.541858
0.765215 0.707912 0.464581
0.812288 0.718951 0.420423
0.860012 0.729991 0.332107
0.906451 0.74103 0.26035
0.951079 0.74655 0.227231
1 0.75207 0.221711

Points: 26
Width: 0.0686539
Duration: 189.97
Centroid: 0.431282 0.626987
0 0.272176 0.619047
0.0201871 0.284314 0.570494
0.0516284 0.296452 0.558356
0.0730608 0.296452 0.534079
0.0939381 0.332867 0.521941
0.1255 0.393557 0.509803
0.163819 0.44211 0.497665
0.20724 0.563492 0.509803
0.251046 0.672735 0.558356
0.294693 0.757703 0.631185
0.341121 0.794117 0.679737
0.384469 0.806255 0.776843
0.42799 0.769841 0.873948
0.472671 0.721288 0.910363
0.516122 0.563492 0.934639
0.560968 0.502801 0.898225
0.602969 0.393557 0.788981
0.645985 0.296452 0.59477
0.690973 0.260038 0.485527
0.735262 0.235761 0.254902
0.779439 0.260038 0.0971053
0.820917 0.369281 0.0121382
0.86714 0.514939 0
0.91151 0.599906 0.0121382
0.953398 0.745564 0.0606908
1 0.854808 0.109243

Points: 0
Width: 2.76621e+19
Duration: 4.59163e-41
Centroid: 0 0

Points: 30
Width: 0.132389
Duration: 265.392
Centroid: 0.442833 0.694056
0 0.709609 0.793117
0.0222217 0.715904 0.812001
0.0371999 0.709609 0.82459
0.0523529 0.69702 0.843474
0.0748984 0.684431 0.856063
0.0896153 0.671842 0.874947
0.119548 0.652958 0.893831
0.150295 0.615191 0.925304
0.181054 0.571129 0.937893
0.214101 0.54595 0.937893
0.245607 0.489299 0.893831
0.276503 0.445237 0.786823
0.307128 0.420058 0.629458
0.339108 0.413764 0.446915
0.371822 0.426353 0.365086
0.401707 0.451531 0.226605
0.432493 0.483004 0.119597
0.4646 0.495593 0.0818297
0.496334 0.501888 0.0251783
0.551134 0.508183 0
0.557785 0.508183 0
0.806279 0.294167 0.264372
0.821016 0.281578 0.270667
0.836055 0.281578 0.270667
0.858661 0.281578 0.276962
0.873505 0.300461 0.283256
0.905399 0.331934 0.289551
0.936683 0.413764 0.321024
0.967604 0.508183 0.358791
1 0.590012 0.390264

Points: 20
Width: 0.0728333
Duration: 142.17
Centroid: 0.44 0.636167
0 0.477116 0.720824
0.0265727 0.465675 0.755149
0.0546599 0.43135 0.778032
0.0970553 0.397025 0.789474
0.124909 0.374141 0.789474
0.183244 0.351258 0.778032
0.23935 0.29405 0.709382
0.296101 0.248283 0.537758
0.357682 0.236842 0.434783
0.416219 0.259725 0.20595
0.473479 0.351258 0.0572082
0.534781 0.488558 0
0.590385 0.648741 0.0343249
0.650757 0.717391 0.0800915
0.711379 0.831808 0.251717
0.768625 0.866133 0.446224
0.82787 0.854691 0.537758
0.883509 0.717391 0.675057
0.941658 0.545766 0.720824
1 0.442791 0.697941

Points: 23
Width: 0.0597101
Duration: 171.475
Centroid: 0.441159 0.61471
0 0.0576455 0.767598
0.0345862 0.0576455 0.809467
0.0578277 0.0297329 0.809467
0.0927698 0.0297329 0.767598
0.124936 0.0297329 0.68386
0.174093 0.0297329 0.572209
0.219975 0.0716018 0.320996
0.272418 0.169296 0.0976942
0.318608 0.308859 0
0.366201 0.476335 0.0279126
0.415432 0.560073 0.0837379
0.465011 0.699637 0.279127
0.51359 0.783374 0.544297
0.559945 0.797331 0.781554
0.611218 0.769418 0.907161
0.66036 0.741506 0.935073
0.70671 0.727549 0.907161
0.754887 0.741506 0.753641
0.803156 0.769418 0.641991
0.853255 0.8392 0.404734
0.901695 0.895025 0.209345
0.949345 0.95085 0.11165
1 0.964807 0.0837379

Points: 23
Width: 0.0695652
Duration: 167.357
Centroid: 0.435435 0.599783
0 0.257291 0.705208
0.041605 0.257291 0.789062
0.0589444 0.257291 0.813021
0.082822 0.257291 0.813021
0.118706 0.257291 0.789062
0.152022 0.257291 0.729167
0.202202 0.26927 0.549479
0.253041 0.28125 0.429687
0.302118 0.317187 0.202083
0.351522 0.353125 0.0703117
0.402518 0.377083 0.0463534
0.453314 0.389062 0.0583325
0.50387 0.401041 0.202083
0.552655 0.436979 0.453646
0.60245 0.508854 0.693229
0.650404 0.556771 0.777083
0.702997 0.640625 0.836979
0.757343 0.736458 0.801041
0.801521 0.844271 0.669271
0.848649 0.916146 0.465625
0.901309 0.952083 0.369792
0.951935 0.976042 0.178125
1 1 0.0583325

Points: 32
Width: 0.129219
Duration: 242.489
Centroid: 0.483802 0.622448
0 0.53688 0.406691
0.0160486 0.549778 0.426038
0.0407738 0.549778 0.445385
0.0572734 0.53688 0.464732
0.0737267 0.523982 0.484079
0.104839 0.511084 0.509875
0.140414 0.465941 0.548569
0.173552 0.401451 0.574365
0.21 0.362757 0.574365
0.244615 0.291818 0.503426
0.278039 0.227328 0.367997
0.312675 0.201532 0.21322
0.345594 0.207981 0.155179
0.381855 0.259573 0.0906888
0.414864 0.34341 0.0906888
0.44848 0.440145 0.161628
0.483831 0.485288 0.219669
0.518471 0.562676 0.374446
0.552793 0.607819 0.555018
0.586066 0.633615 0.716243
0.622094 0.633615 0.851673
0.65698 0.627166 0.909714
0.691797 0.607819 0.980653
0.726025 0.60137 1
0.758013 0.594921 0.980653
0.79213 0.582023 0.812979
0.827139 0.582023 0.729141
0.860909 0.582023 0.548569
0.896399 0.588472 0.406691
0.930832 0.60137 0.355099
0.966522 0.633615 0.284159
1 0.665861 0.258363

Points: 0
Width: 2.76621e+19
Duration: 4.59163e-41
Centroid: 0 0

Points: 24
Width: 0.145556
Duration: 178.723
Centroid: 0.469444 0.674444
0 0.40458 0.948473
0.0216952 0.40458 0.98855
0.0441992 0.39313 0.994275
0.077522 0.387405 1
0.115 0.381679 0.98855
0.161514 0.381679 0.902672
0.205748 0.381679 0.736641
0.256034 0.387405 0.633588
0.300594 0.39313 0.433206
0.346829 0.39313 0.272901
0.392195 0.39313 0.181298
0.441169 0.39313 0.158397
0.487745 0.398855 0.158397
0.533712 0.427481 0.227099
0.581999 0.484733 0.341603
0.626468 0.553435 0.438931
0.674812 0.587786 0.461832
0.72006 0.633588 0.473282
0.766524 0.667939 0.433206
0.813062 0.685114 0.39313
0.859974 0.70229 0.307252
0.906613 0.71374 0.221374
0.954607 0.725191 0.164122
1 0.725191 0.141221

Points: 21
Width: 0.103492
Duration: 182.547
Centroid: 0.48746 0.663492
0 0.439801 0.499233
0.0322317 0.447853 0.523389
0.0538255 0.447853 0.531441
0.0758955 0.447853 0.531441
0.108766 0.447853 0.515337
0.131449 0.447853 0.475076
0.180152 0.447853 0.418711
0.225822 0.447853 0.281825
0.270307 0.463957 0.136887
0.31656 0.488114 0.0402607
0.359834 0.51227 0.0161043
0.405164 0.560583 0
0.452305 0.625 0.0241564
0.497114 0.649156 0.0644171
0.799492 0.528374 0.86158
0.831965 0.528374 0.909892
0.853834 0.520322 0.925997
0.875567 0.51227 0.942101
0.908042 0.51227 0.942101
0.954587 0.51227 0.942101
1 0.51227 0.917945

Points: 31
Width: 0.0712903
Duration: 235.746
Centroid: 0.492043 0.596398
0 0.251886 0.688914
0.0251218 0.251886 0.735671
0.0420189 0.251886 0.735671
0.0589967 0.240196 0.700604
0.0841144 0.228507 0.642157
0.117676 0.228507 0.548643
0.152966 0.228507 0.338235
0.187027 0.228507 0.151207
0.22393 0.228507 0.046003
0.259727 0.228507 0.0343137
0.293558 0.228507 0.0693815
0.328566 0.251886 0.244721
0.364075 0.263575 0.373304
0.39963 0.368778 0.747361
0.435329 0.392157 0.817496
0.47002 0.427225 0.840875
0.506482 0.450604 0.770739
0.541804 0.462293 0.700604
0.575886 0.485671 0.548643
0.61089 0.50905 0.443439
0.645697 0.555807 0.420061
0.68244 0.590875 0.455129
0.717713 0.684389 0.5954
0.752305 0.801282 0.75905
0.788953 0.883107 0.829186
0.823134 0.929864 0.75905
0.860309 0.941554 0.677225
0.895896 0.953243 0.443439
0.930747 0.964932 0.233032
0.966444 0.988311 0.0927601
1 1 0.0576923

Points: 24
Width: 0.09
Duration: 175.562
Centroid: 0.51625 0.611667
0 0.706018 0.787037
0.0222193 0.696759 0.824074
0.0455845 0.6875 0.842592
0.0802999 0.668981 0.861111
0.102469 0.641203 0.879629
0.1454 0.613426 0.888889
0.193955 0.539351 0.879629
0.239684 0.4375 0.824074
0.289291 0.391203 0.777777
0.338012 0.289351 0.666666
0.384615 0.224537 0.564815
0.430308 0.224537 0.490741
0.479372 0.298611 0.453704
0.528116 0.363426 0.444445
0.573547 0.502314 0.435185
0.620169 0.641203 0.398148
0.668693 0.6875 0.361111
0.71672 0.733796 0.268519
0.764234 0.696759 0.157408
0.813209 0.594907 0.0648147
0.859489 0.456018 0.00925925
0.906981 0.391203 0
0.95293 0.280092 0.0277777
1 0.233796 0.0925925

Points: 21
Width: 0.0673016
Duration: 149.29
Centroid: 0.512222 0.585635
0 0.35967 0.59434
0.0390782 0.310142 0.569575
0.0659763 0.310142 0.520047
0.0930674 0.322524 0.507665
0.133264 0.35967 0.482901
0.160535 0.409198 0.470519
0.218423 0.471108 0.470519
0.272059 0.632075 0.520047
0.326506 0.768278 0.631486
0.383426 0.817806 0.693396
0.440215 0.84257 0.829599
0.49652 0.768278 0.928655
0.55397 0.632075 0.953419
0.608548 0.471108 0.841981
0.664169 0.396816 0.730542
0.717942 0.285377 0.458137
0.773793 0.248231 0.198113
0.831102 0.322524 0.0495282
0.884741 0.471108 0
0.941592 0.557783 0
1 0.743514 0.0495282

Points: 15
Width: 0.139889
Duration: 102.767
Centroid: 0.557556 0.673222
0 0.478952 0.923352
0.0573632 0.484909 0.94718
0.0962626 0.478952 0.94718
0.134891 0.478952 0.929309
0.193447 0.478952 0.887609
0.270348 0.478952 0.822081
0.346293 0.478952 0.744638
0.42843 0.484909 0.488483
0.506937 0.484909 0.333598
0.592248 0.484909 0.262113
0.673311 0.490866 0.137014
0.753918 0.508737 0.0595712
0.835014 0.538523 0.0119142
0.917706 0.562351 0.0059571
1 0.586179 0

Points: 32
Width: 0.146875
Duration: 289.18
Centroid: 0.529375 0.678542
0 0.660993 0.714894
0.0134776 0.683688 0.748936
0.0272119 0.683688 0.771631
0.0483486 0.683688 0.794326
0.0617858 0.683688 0.817021
0.0762394 0.678014 0.839716
0.105369 0.672341 0.862411
0.135438 0.655319 0.89078
0.163758 0.598582 0.930496
0.193597 0.547518 0.930496
0.222295 0.519149 0.907801
0.251222 0.468085 0.84539
0.279404 0.428369 0.737589
0.307318 0.411348 0.584397
0.336347 0.411348 0.499291
0.365733 0.428369 0.340426
0.394198 0.456738 0.209929
0.422467 0.479433 0.113475
0.45258 0.485106 0.073759
0.481386 0.496454 0.0170213
0.510523 0.496454 0
0.781838 0.303546 0.317731
0.795016 0.286525 0.306383
0.808669 0.280851 0.306383
0.829525 0.280851 0.300709
0.843469 0.286525 0.295036
0.857112 0.314894 0.295036
0.885516 0.348936 0.289362
0.913113 0.451064 0.295036
0.941159 0.564539 0.317731
0.972569 0.609929 0.323404
1 0.643972 0.323404

Points: 0
Width: 2.76621e+19
Duration: 4.59163e-41
Centroid: 0 0

Points: 25
Width: 0.1242
Duration: 275.131
Centroid: 0.482933 0.6592
0 0.528449 0.959473
0.0141304 0.535159 0.966183
0.0290167 0.535159 0.966183
0.0507642 0.535159 0.952764
0.0651004 0.535159 0.919216
0.0915509 0.535159 0.865539
0.121299 0.535159 0.711218
0.151547 0.528449 0.623993
0.18291 0.50832 0.436124
0.213073 0.501611 0.254965
0.242679 0.51503 0.120773
0.271661 0.541868 0.0402576
0.302395 0.561997 0.0134192
0.333776 0.608964 0
0.363928 0.635803 0
0.770805 0.34729 0.436124
0.784758 0.313742 0.436124
0.799261 0.293613 0.442834
0.82082 0.293613 0.442834
0.849294 0.300323 0.442834
0.879564 0.327161 0.442834
0.908847 0.488191 0.469672
0.938059 0.608964 0.50322
0.969169 0.655931 0.516639
1 0.729737 0.536768

Points: 17
Width: 0.0583333
Duration: 120.015
Centroid: 0.463333 0.573529
0 0.328571 0.612605
0.0493267 0.328571 0.59832
0.0826315 0.328571 0.541177
0.115749 0.328571 0.455462
0.166907 0.357143 0.355462
0.234037 0.414286 0.169748
0.304675 0.428571 0.112605
0.376386 0.457143 0.0411762
0.445754 0.471429 0.0554619
0.515473 0.471429 0.098319
0.586021 0.442857 0.312605
0.656032 0.442857 0.59832
0.723699 0.514286 0.812605
0.790317 0.628571 0.912605
0.859905 0.7 0.941176
0.931104 0.857143 0.941176
1 1 0.941176

Points: 25
Width: 0.0601334
Duration: 186.273
Centroid: 0.494667 0.5718
0 0.558205 0.623614
0.0209181 0.558205 0.734478
0.0423133 0.544347 0.789911
0.0746446 0.516631 0.845343
0.104155 0.488915 0.900775
0.149798 0.475057 0.942349
0.194669 0.391908 0.970066
0.240034 0.294901 0.928491
0.283401 0.211753 0.748336
0.326742 0.156321 0.471175
0.375094 0.142463 0.318736
0.41757 0.184037 0.0970065
0.461561 0.294901 0
0.505174 0.419624 0.0277161
0.552143 0.488915 0.0831484
0.596837 0.558205 0.277161
0.641042 0.599779 0.498891
0.687476 0.599779 0.637472
0.730099 0.599779 0.665188
0.774766 0.613637 0.623614
0.819648 0.641353 0.498891
0.863152 0.710644 0.332594
0.909082 0.752218 0.249445
0.954033 0.835367 0.138581
1 0.863083 0.0970065

Points: 24
Width: 0.0584028
Duration: 174.215
Centroid: 0.486597 0.565278
0 0.286564 0.740191
0.0223379 0.258026 0.754459
0.0565652 0.243757 0.740191
0.0797103 0.229489 0.683116
0.102457 0.229489 0.611772
0.138417 0.243757 0.511891
0.188087 0.272295 0.312128
0.236311 0.272295 0.226516
0.283975 0.286564 0.126635
0.334116 0.286564 0.112366
0.378876 0.272295 0.18371
0.426282 0.258026 0.255053
0.474041 0.258026 0.497622
0.524653 0.343638 0.725922
0.570069 0.414982 0.825803
0.619078 0.543401 0.939953
0.665648 0.671819 0.96849
0.715218 0.800237 0.882878
0.762461 0.900119 0.697385
0.811773 0.942925 0.583234
0.860171 0.985731 0.255053
0.907773 1 0.169441
0.952645 1 0.0980975
1 1 0.0980975

Points: 22
Width: 0.0876515
Duration: 159.726
Centroid: 0.518939 0.592651
0 0.705704 0.751081
0.0239424 0.705704 0.798617
0.0498841 0.677182 0.827139
0.0861279 0.658168 0.855661
0.111397 0.629646 0.874676
0.164454 0.601124 0.884183
0.219908 0.515557 0.884183
0.268075 0.410976 0.817632
0.321548 0.315903 0.703544
0.373712 0.268366 0.627485
0.427106 0.239844 0.513397
0.479491 0.268366 0.427831
0.53097 0.36344 0.389801
0.583948 0.429991 0.380294
0.636046 0.563094 0.380294
0.688204 0.64866 0.332757
0.7387 0.667675 0.247191
0.789691 0.620138 0.14261
0.842742 0.572601 0.0950734
0.895824 0.458513 0.0190147
0.947621 0.372947 0
1 0.306396 0.0475367

Points: 27
Width: 0.13821
Duration: 251.386
Centroid: 0.539259 0.636543
0 0.689593 0.717508
0.015434 0.695623 0.759714
0.0313419 0.695623 0.789862
0.0551125 0.683564 0.820009
0.0706669 0.665476 0.850156
0.105703 0.653417 0.874274
0.137931 0.605181 0.898392
0.170143 0.544886 0.892363
0.204091 0.508709 0.868245
0.237768 0.448414 0.777803
0.270609 0.406208 0.651184
0.304643 0.400179 0.494417
0.33705 0.418267 0.337651
0.369254 0.442385 0.265297
0.402286 0.484591 0.150737
0.435426 0.514739 0.0663242
0.468625 0.526798 0.0120589
0.50093 0.526798 0
0.787867 0.297678 0.331621
0.803076 0.291648 0.331621
0.819252 0.291648 0.331621
0.842894 0.303707 0.331621
0.867465 0.327825 0.337651
0.898966 0.406208 0.361769
0.934779 0.454444 0.379857
0.967761 0.569004 0.422063
1 0.647387 0.446181

Points: 19
Width: 0.0681579
Duration: 137.31
Centroid: 0.505 0.546491
0 0.5 0.721364
0.0434551 0.46332 0.758044
0.071932 0.451094 0.770271
0.10139 0.414414 0.770271
0.150948 0.377735 0.758044
0.210092 0.304376 0.660232
0.273461 0.267696 0.574646
0.333623 0.21879 0.342342
0.392795 0.231017 0.134492
0.45322 0.353282 0.0122265
0.514818 0.438867 0
0.575036 0.634492 0.048906
0.635774 0.793437 0.207851
0.694349 0.879022 0.403475
0.757718 0.842343 0.574646
0.817247 0.78121 0.648005
0.878205 0.610039 0.721364
0.938473 0.487773 0.709138
1 0.451094 0.684685

Points: 18
Width: 0.0523148
Duration: 131.193
Centroid: 0.485926 0.535648
0 0.347788 0.669026
0.0447887 0.331859 0.58938
0.075278 0.331859 0.525663
0.120811 0.331859 0.446017
0.176438 0.363717 0.350442
0.238861 0.411505 0.175221
0.305139 0.427434 0.0477876
0.366081 0.443363 0
0.428965 0.443363 0
0.492519 0.411505 0.0955751
0.555202 0.379647 0.302655
0.62 0.379647 0.446017
0.684157 0.443363 0.732743
0.747659 0.586726 0.923894
0.811652 0.71416 0.971682
0.875601 0.825664 0.955752
0.940183 0.873452 0.923894
1 0.953098 0.844248

Points: 32
Width: 0.0736458
Duration: 242.103
Centroid: 0.499688 0.542031
0 0.151343 0.588049
0.0161992 0.162659 0.610679
0.0407401 0.162659 0.576733
0.0574677 0.162659 0.520156
0.0736629 0.173974 0.440948
0.102379 0.18529 0.350425
0.138061 0.207921 0.180693
0.172476 0.219236 0.101486
0.206556 0.230551 0.0222777
0.242218 0.230551 0.0109623
0.275956 0.230551 0.0901702
0.311363 0.230551 0.180693
0.34592 0.241867 0.407002
0.380355 0.309759 0.621995
0.413278 0.377652 0.746465
0.446403 0.422914 0.769096
0.481564 0.445544 0.75778
0.516895 0.479491 0.667256
0.550814 0.513437 0.576733
0.585964 0.524752 0.542787
0.619851 0.581329 0.520156
0.65525 0.615276 0.554102
0.688947 0.717115 0.689887
0.721975 0.818953 0.825673
0.758976 0.864215 0.870934
0.792056 0.920792 0.893565
0.826157 0.943423 0.791726
0.859596 0.954738 0.621995
0.895314 0.966054 0.474894
0.93031 0.966054 0.407002
0.964169 0.988685 0.316478
1 1 0.271217

Points: 23
Width: 0.0684782
Duration: 169.316
Centroid: 0.503985 0.531812
0 0.215344 0.632805
0.0228861 0.215344 0.596296
0.0467355 0.215344 0.571958
0.0818837 0.251852 0.547619
0.114465 0.312699 0.511111
0.164448 0.446561 0.474603
0.210757 0.507408 0.474603
0.260497 0.64127 0.498942
0.308006 0.750794 0.596296
0.358767 0.811641 0.730159
0.408773 0.82381 0.803175
0.459298 0.799471 0.937038
0.508271 0.702117 0.985715
0.555231 0.556085 0.937038
0.603957 0.483069 0.839683
0.653132 0.324868 0.596296
0.705081 0.227513 0.328572
0.752867 0.239683 0.121693
0.801453 0.300529 0.0486777
0.850156 0.446561 0
0.901223 0.616931 0.0365079
0.949567 0.775133 0.0973549
1 0.835979 0.133863

Points: 30
Width: 0.110444
Duration: 222.778
Centroid: 0.552 0.572889
0 0.596579 0.449195
0.0174904 0.604125 0.486921
0.0443047 0.596579 0.502012
0.0631058 0.573944 0.524648
0.0802192 0.551308 0.554829
0.107112 0.521127 0.56992
0.140107 0.490946 0.58501
0.176877 0.445674 0.58501
0.212774 0.309859 0.509557
0.250126 0.272133 0.449195
0.288684 0.19668 0.298289
0.326295 0.174044 0.139839
0.368377 0.219316 0.0417505
0.401938 0.264588 0.0266597
0.438663 0.377767 0.0643862
0.476226 0.483401 0.17002
0.511759 0.558853 0.336016
0.550961 0.604125 0.539739
0.587209 0.61167 0.652918
0.624627 0.619215 0.841549
0.662247 0.61167 0.962274
0.699691 0.604125 0.992455
0.736487 0.566398 1
0.774781 0.551308 0.962274
0.813624 0.543763 0.818913
0.850157 0.558853 0.615191
0.888118 0.573944 0.509557
0.924138 0.61167 0.343561
0.960592 0.641851 0.253018
1 0.664487 0.215292

Points: 0
Width: 2.76621e+19
Duration: 4.59163e-41
Centroid: 0 0

Points: 21
Width: 0.109048
Duration: 196.542
Centroid: 0.522619 0.572381
0 0.472708 0.43559
0.0194873 0.487991 0.512009
0.0499655 0.487991 0.527293
0.0702726 0.487991 0.542577
0.0905401 0.487991 0.542577
0.121142 0.480349 0.542577
0.152465 0.480349 0.527293
0.193119 0.472708 0.443231
0.236298 0.472708 0.374454
0.280673 0.472708 0.2369
0.322619 0.472708 0.114629
0.362995 0.510917 0.0305679
0.407614 0.556769 0
0.448144 0.587336 0
0.834601 0.518559 0.79476
0.863897 0.533843 0.817685
0.884264 0.518559 0.825327
0.915055 0.510917 0.825327
0.935561 0.503275 0.817685
0.956807 0.495633 0.802402
1 0.487991 0.787118

Points: 24
Width: 0.0659723
Duration: 172.628
Centroid: 0.510139 0.514306
0 0.271579 0.757894
0.0227413 0.284211 0.846315
0.0574811 0.284211 0.858947
0.0817102 0.284211 0.858947
0.115421 0.284211 0.846315
0.138484 0.284211 0.783158
0.180884 0.284211 0.694736
0.227905 0.296842 0.454737
0.277319 0.322106 0.214737
0.325557 0.334737 0.0757893
0.37268 0.334737 0.0378947
0.420527 0.334737 0.0378947
0.468957 0.347369 0.151579
0.520164 0.347369 0.252632
0.566416 0.410527 0.505263
0.614071 0.524211 0.719999
0.661064 0.637895 0.846315
0.711525 0.738948 0.846315
0.757986 0.789474 0.808421
0.80985 0.865263 0.64421
0.857245 0.903158 0.429473
0.903757 0.928421 0.214737
0.951966 0.941052 0.113684
1 0.966316 0

Points: 0
Width: 2.76621e+19
Duration: 4.59163e-41
Centroid: 0 0

Points: 24
Width: 0.130764
Duration: 179.424
Centroid: 0.493125 0.575903
0 0.335104 0.910781
0.0218037 0.335104 0.974509
0.0439068 0.335104 0.993627
0.0772928 0.328731 1
0.118026 0.328731 0.993627
0.1638 0.328731 0.891662
0.211016 0.335104 0.815188
0.256583 0.366968 0.515667
0.304479 0.37334 0.420074
0.349012 0.392459 0.267127
0.397932 0.411577 0.177908
0.44499 0.424323 0.146044
0.48869 0.430696 0.146044
0.534665 0.456187 0.190653
0.580096 0.500797 0.286245
0.628036 0.558152 0.38821
0.675475 0.590016 0.43282
0.724035 0.653744 0.47743
0.769776 0.704726 0.464684
0.814619 0.73659 0.407329
0.86288 0.749336 0.369092
0.909204 0.762082 0.292618
0.955391 0.7812 0.22889
1 0.7812 0.209772

Points: 18
Width: 0.102315
Duration: 189.789
Centroid: 0.510278 0.590648
0 0.40905 0.480544
0.031012 0.441629 0.513123
0.0524997 0.441629 0.521268
0.0782581 0.441629 0.521268
0.122402 0.449774 0.496833
0.167147 0.457918 0.399095
0.211115 0.466063 0.252489
0.253751 0.474208 0.130317
0.299001 0.498642 0.040724
0.34369 0.514932 0.0162896
0.386757 0.563801 0
0.429018 0.620815 0.0488688
0.842871 0.547511 0.879639
0.874022 0.547511 0.928508
0.894538 0.547511 0.944797
0.915866 0.531222 0.944797
0.955908 0.523077 0.944797
1 0.523077 0.936653

Points: 22
Width: 0.08
Duration: 167.294
Centroid: 0.514394 0.546667
0 0.649621 0.791667
0.0233321 0.649621 0.84375
0.0472596 0.618371 0.875
0.0830371 0.576704 0.885416
0.106381 0.555871 0.895833
0.156291 0.535038 0.895833
0.203871 0.472538 0.875
0.256274 0.399621 0.802083
0.303878 0.357955 0.75
0.35391 0.316288 0.645833
0.40288 0.305871 0.53125
0.45464 0.337121 0.447916
0.503266 0.430871 0.395833
0.553789 0.493371 0.375
0.605181 0.618371 0.333333
0.65418 0.701705 0.28125
0.703968 0.722538 0.25
0.818206 0.607955 0.041667
0.850154 0.545455 0.0104167
0.902597 0.420455 0
0.952122 0.368371 0.0104167
1 0.316288 0.0625003

Points: 0
Width: 2.76621e+19
Duration: 4.59163e-41
Centroid: 0 0

Points: 28
Width: 0.142262
Duration: 206.199
Centroid: 0.501429 0.609405
0 0.377824 0.935565
0.0189251 0.377824 0.982427
0.0382954 0.377824 0.994142
0.0681323 0.371967 1
0.086688 0.371967 0.994142
0.109994 0.371967 0.964854
0.151216 0.371967 0.912134
0.19304 0.383682 0.759833
0.23304 0.401255 0.5841
0.271658 0.412971 0.420084
0.311848 0.418829 0.355649
0.35209 0.424686 0.267782
0.391815 0.430544 0.238494
0.433805 0.436402 0.244351
0.474075 0.448117 0.261925
0.515435 0.477406 0.343933
0.555899 0.530126 0.425942
0.595483 0.588703 0.461088
0.637074 0.62385 0.461088
0.677762 0.682427 0.425942
0.718108 0.723431 0.361506
0.756583 0.735146 0.297071
0.795636 0.729289 0.244351
0.838459 0.705858 0.220921
0.878663 0.64728 0.19749
0.918768 0.57113 0.191632
0.959517 0.512552 0.215063
1 0.494979 0.238494

Points: 24
Width: 0.0679862
Duration: 178.049
Centroid: 0.508542 0.527986
0 0.351379 0.686414
0.0213907 0.339122 0.625127
0.055199 0.339122 0.588355
0.0771273 0.351379 0.551583
0.111747 0.375894 0.51481
0.157271 0.473953 0.465781
0.206218 0.522982 0.453523
0.253003 0.621041 0.465781
0.299382 0.719101 0.539325
0.346683 0.755873 0.600612
0.392591 0.780388 0.796731
0.441505 0.755873 0.84576
0.485855 0.670071 0.919305
0.535207 0.559754 0.931562
0.579733 0.498468 0.89479
0.626979 0.375894 0.759958
0.673457 0.265577 0.551583
0.718948 0.192033 0.33095
0.767741 0.192033 0.134832
0.814822 0.241062 0.0612869
0.863165 0.388151 0
0.909643 0.584269 0.0245148
0.954191 0.780388 0.110317
1 0.866189 0.147089

Points: 29
Width: 0.12954
Duration: 222.227
Centroid: 0.542299 0.573793
0 0.56189 0.42103
0.0266567 0.555457 0.453195
0.0447091 0.542591 0.478927
0.0621462 0.523292 0.498226
0.0991563 0.503993 0.517525
0.138513 0.478261 0.536824
0.174626 0.394632 0.536824
0.211988 0.362467 0.511092
0.250756 0.291704 0.408164
0.28832 0.24024 0.27307
0.324398 0.227374 0.150843
0.361144 0.278838 0.0929462
0.401564 0.317436 0.0929462
0.438267 0.401065 0.14441
0.474688 0.491127 0.253771
0.511751 0.529725 0.324534
0.550606 0.594055 0.48536
0.587994 0.62622 0.671917
0.624916 0.632653 0.839175
0.661109 0.632653 0.954969
0.701266 0.62622 0.987134
0.738196 0.600488 1
0.774319 0.574756 0.93567
0.810872 0.555457 0.787711
0.850009 0.555457 0.691216
0.887414 0.555457 0.504659
0.924468 0.587622 0.369565
0.963772 0.619787 0.298802
1 0.639086 0.279503

Points: 0
Width: 2.76621e+19
Duration: 4.59163e-41
Centroid: 0 0

Points: 19
Width: 0.111403
Duration: 180.137
Centroid: 0.499561 0.58807
0 0.404724 0.448819
0.0218692 0.427165 0.508662
0.0552749 0.449606 0.523622
0.0776862 0.449606 0.538583
0.0994687 0.449606 0.531103
0.13243 0.457087 0.508662
0.17027 0.457087 0.47126
0.215808 0.457087 0.351575
0.260208 0.457087 0.284252
0.306484 0.472047 0.157087
0.354798 0.494488 0.0523622
0.400184 0.53937 0
0.444877 0.584252 0.00748031
0.832376 0.576772 0.822835
0.864957 0.576772 0.852756
0.887911 0.576772 0.860236
0.920514 0.561811 0.860236
0.956001 0.554331 0.860236
1 0.554331 0.860236

Points: 24
Width: 0.0631944
Duration: 173.799
Centroid: 0.506736 0.521806
0 0.235714 0.802197
0.0223296 0.248901 0.815384
0.0567287 0.248901 0.802197
0.0798786 0.262088 0.74945
0.102838 0.262088 0.657142
0.137315 0.275275 0.551647
0.182638 0.275275 0.432966
0.229938 0.275275 0.195604
0.276586 0.288461 0.0505482
0.327123 0.288461 0.0109878
0.375007 0.288461 0.0109878
0.421431 0.288461 0.116483
0.468989 0.301648 0.353845
0.517885 0.380769 0.643955
0.566073 0.446703 0.775824
0.613766 0.591758 0.96044
0.660482 0.71044 1
0.710625 0.829121 0.907692
0.758487 0.868682 0.802197
0.807484 0.908242 0.591208
0.855212 0.921429 0.367032
0.902028 0.934616 0.182417
0.951655 0.934616 0.12967
1 0.934616 0.0901091

Points: 25
Width: 0.1194
Duration: 236.789
Centroid: 0.5258 0.6006
0 0.482691 0.979062
0.0248524 0.489671 1
0.0417203 0.482691 1
0.0584975 0.482691 0.993021
0.0846201 0.482691 0.958124
0.118744 0.482691 0.832496
0.154616 0.482691 0.741764
0.189185 0.482691 0.539364
0.225676 0.49665 0.336963
0.260616 0.503629 0.246232
0.296661 0.538526 0.113625
0.33222 0.573423 0.05779
0.366442 0.622278 0.0438313
0.400442 0.671133 0.0647693
0.438451 0.692071 0.0926866
0.760145 0.398939 0.427695
0.776576 0.371022 0.427695
0.801866 0.364043 0.427695
0.818923 0.364043 0.427695
0.835651 0.371022 0.427695
0.860545 0.39196 0.427695
0.89551 0.468733 0.448633
0.929097 0.517588 0.462591
0.965547 0.622278 0.504467
1 0.664154 0.518426

Points: 20
Width: 0.0728333
Duration: 140.355
Centroid: 0.531667 0.546167
0 0.43135 0.675057
0.0278172 0.419908 0.720824
0.0703153 0.385583 0.743708
0.0988005 0.351258 0.755149
0.12684 0.339817 0.755149
0.169686 0.305492 0.743708
0.225696 0.282608 0.709382
0.284879 0.236842 0.549199
0.346122 0.2254 0.320366
0.404706 0.282608 0.114416
0.464376 0.339817 0.0457666
0.525271 0.511442 0
0.584593 0.683066 0.0457666
0.641619 0.808924 0.183066
0.699382 0.866133 0.343249
0.763074 0.866133 0.434782
0.823537 0.808924 0.606407
0.878239 0.683066 0.732266
0.938396 0.625858 0.755149
1 0.545767 0.766591

Points: 0
Width: 2.76621e+19
Duration: 4.59163e-41
Centroid: 0 0

Points: 29
Width: 0.0778161
Duration: 217.992
Centroid: 0.511437 0.552816
0 0.608567 0.706794
0.0271207 0.629986 0.717503
0.0449504 0.629986 0.738921
0.0637207 0.619276 0.760339
0.0910117 0.608567 0.781757
0.122218 0.587149 0.803175
0.159956 0.533604 0.867429
0.196475 0.458641 0.899556
0.2351 0.426514 0.910265
0.273116 0.330133 0.867429
0.31261 0.233752 0.738921
0.348941 0.137371 0.514032
0.38917 0.105244 0.396233
0.425214 0.094535 0.171344
0.465138 0.169498 0.032127
0.503897 0.233752 0
0.541178 0.437223 0.085672
0.58061 0.480059 0.149926
0.617452 0.565731 0.32127
0.654965 0.608567 0.492614
0.694164 0.619276 0.556868
0.732672 0.629986 0.621122
0.770598 0.629986 0.631831
0.808103 0.619276 0.556868
0.848251 0.629986 0.417651
0.884914 0.651403 0.342688
0.92801 0.694239 0.21418
0.961608 0.747784 0.117799
1 0.779911 0.085672

Points: 0
Width: 2.76621e+19
Duration: 4.59163e-41
Centroid: 0 0

Points: 25
Width: 0.1388
Duration: 184.783
Centroid: 0.485067 0.587867
0 0.367675 0.945965
0.0316143 0.361672 0.987992
0.0531979 0.349664 0.993996
0.0751937 0.349664 1
0.10721 0.349664 0.993996
0.143686 0.349664 0.963977
0.187339 0.349664 0.849904
0.231268 0.367675 0.675792
0.279603 0.379683 0.579731
0.322897 0.397695 0.387608
0.367544 0.409702 0.243516
0.41142 0.415706 0.171469
0.45873 0.42171 0.153458
0.5038 0.433718 0.153458
0.54869 0.463737 0.213496
0.595123 0.511768 0.315562
0.638375 0.565802 0.417627
0.683127 0.595822 0.447646
0.731357 0.65586 0.471662
0.775719 0.697887 0.429635
0.821127 0.727906 0.345581
0.864009 0.73391 0.29755
0.909015 0.745918 0.201489
0.955427 0.745918 0.14145
1 0.751922 0.117435

Points: 19
Width: 0.0709649
Duration: 133.992
Centroid: 0.491579 0.539298
0 0.394932 0.739802
0.0278118 0.371446 0.775031
0.0724739 0.34796 0.775031
0.102341 0.324475 0.775031
0.132091 0.312732 0.751545
0.188429 0.289246 0.681088
0.25223 0.277503 0.481458
0.312489 0.312732 0.234858
0.37817 0.34796 0.129172
0.440747 0.465389 0.0117433
0.501764 0.618047 0
0.564486 0.688504 0.0352291
0.623535 0.794191 0.176144
0.685878 0.852905 0.387515
0.750364 0.829419 0.587145
0.810711 0.700247 0.739802
0.874483 0.62979 0.775031
0.937278 0.512361 0.763288
1 0.430161 0.681088

Points: 19
Width: 0.0707895
Duration: 140.422
Centroid: 0.47921 0.540175
0 0.293681 0.628252
0.0695032 0.305453 0.592936
0.112969 0.305453 0.522304
0.140662 0.305453 0.4399
0.168326 0.328997 0.345724
0.227022 0.352541 0.251549
0.288431 0.399629 0.086741
0.346862 0.434944 0.0278811
0.407324 0.434944 0.0161091
0.468246 0.434944 0.051425
0.526622 0.411401 0.192689
0.584414 0.399629 0.416356
0.645641 0.434944 0.663568
0.70595 0.493804 0.757744
0.762449 0.611524 0.887236
0.821562 0.741016 0.934324
0.882107 0.858736 0.934324
0.939023 0.952912 0.887236
1 1 0.863692

Points: 19
Width: 0.077807
Duration: 138.742
Centroid: 0.475526 0.533597
0 0.335963 0.691094
0.0423729 0.346674 0.669673
0.0710907 0.346674 0.626832
0.0992173 0.346674 0.55186
0.158173 0.346674 0.466178
0.216327 0.378805 0.273393
0.279225 0.400225 0.12345
0.340306 0.400225 0.069898
0.397798 0.400225 0.0377672
0.456459 0.400225 0.069898
0.519004 0.389515 0.198421
0.576342 0.389515 0.412627
0.638423 0.421646 0.530439
0.697407 0.518038 0.712514
0.759516 0.635851 0.808907
0.819486 0.700113 0.830327
0.881046 0.817925 0.841038
0.941199 0.925028 0.819617
1 1 0.766065

Points: 21
Width: 0.104762
Duration: 183.684
Centroid: 0.504206 0.578095
0 0.432197 0.509091
0.0316228 0.456061 0.548864
0.0534526 0.464015 0.556819
0.0750696 0.464015 0.564773
0.107724 0.464015 0.564773
0.137826 0.464015 0.540909
0.182921 0.464015 0.501137
0.229813 0.47197 0.381818
0.275589 0.487879 0.230682
0.319376 0.495833 0.103409
0.363354 0.527651 0.0238636
0.408789 0.543561 0.00795454
0.455798 0.591288 0
0.500798 0.623106 0.0159091
0.827521 0.511742 0.795455
0.848181 0.511742 0.835228
0.880771 0.511742 0.851137
0.902622 0.503788 0.867046
0.924218 0.503788 0.867046
0.957074 0.503788 0.867046
1 0.503788 0.867046

Points: 26
Width: 0.131603
Duration: 192.275
Centroid: 0.53468 0.613397
0 0.399902 0.981003
0.0204683 0.399902 1
0.0514704 0.399902 1
0.0722535 0.39357 0.987336
0.0929961 0.387238 0.949342
0.132389 0.387238 0.886021
0.177206 0.387238 0.79737
0.21865 0.412567 0.518753
0.261161 0.418899 0.436435
0.305805 0.437896 0.322455
0.347422 0.444228 0.265465
0.391894 0.45056 0.259133
0.43539 0.45056 0.27813
0.478541 0.45056 0.354116
0.522322 0.488553 0.442767
0.565595 0.545543 0.506089
0.610209 0.577204 0.518753
0.654315 0.640526 0.506089
0.697242 0.691183 0.436435
0.7389 0.716512 0.354116
0.780984 0.71018 0.271798
0.824907 0.684851 0.233804
0.869277 0.621529 0.183147
0.912388 0.539211 0.157818
0.956077 0.501218 0.157818
1 0.463224 0.195811

Points: 14
Width: 0.12381
Duration: 94.2695
Centroid: 0.537976 0.632143
0 0.454327 0.868269
0.0646625 0.461057 0.908654
0.10697 0.461057 0.915385
0.148945 0.454327 0.915385
0.212862 0.454327 0.888462
0.297021 0.454327 0.834616
0.384743 0.467788 0.666346
0.468943 0.474519 0.457692
0.554946 0.48125 0.269231
0.651618 0.494711 0.188462
0.736046 0.528365 0.0740384
0.823582 0.582211 0.0134615
0.912775 0.602404 0
1 0.629327 0

Points: 24
Width: 0.0836111
Duration: 175.834
Centroid: 0.514931 0.560278
0 0.350914 0.667774
0.0338232 0.321013 0.598006
0.0562942 0.311047 0.568106
0.0790985 0.311047 0.538206
0.113099 0.33098 0.498339
0.14469 0.370847 0.478405
0.192365 0.420681 0.458472
0.239328 0.600083 0.478405
0.287936 0.659884 0.508305
0.334344 0.749585 0.58804
0.383385 0.809385 0.707641
0.430782 0.809385 0.757475
0.477001 0.789452 0.857143
0.523532 0.699751 0.92691
0.56974 0.580149 0.92691
0.619181 0.460548 0.807309
0.6665 0.390781 0.707641
0.713464 0.291113 0.468438
0.762505 0.251246 0.229236
0.808091 0.291113 0.0697674
0.858454 0.340947 0.0199335
0.902874 0.480482 0
0.952559 0.649917 0.0498338
1 0.729651 0.0897009

Points: 0
Width: 2.76621e+19
Duration: 4.59163e-41
Centroid: 0 0

Points: 20
Width: 0.0930833
Duration: 144.713
Centroid: 0.444333 0.568083
0 0.333482 0.6983
0.0271011 0.315577 0.80573
0.068495 0.288719 0.84154
0.0962034 0.288719 0.850493
0.137327 0.279767 0.84154
0.191759 0.279767 0.796778
0.248836 0.288719 0.73411
0.309233 0.369292 0.429723
0.365338 0.43196 0.232766
0.42421 0.467771 0.152193
0.482448 0.521486 0.00895255
0.539754 0.530438 0
0.594442 0.548344 0.0179051
0.650615 0.575201 0.116383
0.709203 0.602059 0.196956
0.768696 0.664727 0.38496
0.825314 0.754252 0.572964
0.883376 0.790063 0.653537
0.940345 0.834825 0.823635
1 0.834825 0.84154

Points: 24
Width: 0.0883334
Duration: 181.395
Centroid: 0.454167 0.518333
0 0.306604 0.641509
0.0326141 0.306604 0.613207
0.0545793 0.306604 0.594339
0.0778259 0.306604 0.575471
0.12504 0.325472 0.547169
0.172352 0.400944 0.5
0.217144 0.504717 0.490566
0.263615 0.561321 0.490566
0.308612 0.693396 0.594339
0.356052 0.712264 0.641509
0.401361 0.731132 0.754717
0.448425 0.712264 0.85849
0.495079 0.674528 0.886792
0.539333 0.599057 0.915094
0.584695 0.504717 0.867924
0.629003 0.400944 0.716981
0.676756 0.325472 0.481132
0.723087 0.29717 0.35849
0.768902 0.287736 0.132075
0.816246 0.372642 0.0188679
0.860316 0.514151 0
0.905786 0.599057 0.0283018
0.954982 0.75 0.122641
1 0.806604 0.169811

Points: 19
Width: 0.0771053
Duration: 137.348
Centroid: 0.456228 0.532018
0 0.362343 0.605802
0.0429453 0.351536 0.649033
0.0720543 0.340728 0.649033
0.100765 0.32992 0.627417
0.146498 0.32992 0.56257
0.209906 0.32992 0.486916
0.270726 0.362343 0.303185
0.331319 0.394767 0.162685
0.393817 0.416382 0.0978383
0.452504 0.416382 0.0978383
0.512101 0.416382 0.130261
0.57305 0.405574 0.270762
0.636686 0.42719 0.476109
0.694875 0.513652 0.65984
0.75524 0.578498 0.724687
0.815435 0.718999 0.778725
0.878217 0.848691 0.778725
0.937715 0.956769 0.735494
1 1 0.703071

Points: 32
Width: 0.0822916
Duration: 246.041
Centroid: 0.477708 0.541354
0 0.220253 0.593038
0.015805 0.220253 0.623418
0.0320227 0.220253 0.623418
0.0563057 0.210126 0.593038
0.0862963 0.210126 0.532278
0.119518 0.210126 0.461392
0.152168 0.240506 0.187974
0.185651 0.240506 0.117088
0.220595 0.250632 0.0259488
0.254301 0.250632 0.0158222
0.287752 0.260759 0.076582
0.322379 0.260759 0.157595
0.356759 0.281012 0.380379
0.390242 0.321518 0.633544
0.422789 0.382278 0.785443
0.458312 0.422784 0.815823
0.491113 0.432911 0.79557
0.525065 0.473417 0.684177
0.558921 0.503797 0.552532
0.593024 0.513924 0.501898
0.625817 0.564557 0.461392
0.660943 0.594936 0.491772
0.694442 0.655696 0.613291
0.729506 0.746835 0.76519
0.762965 0.777215 0.82595
0.795512 0.837975 0.866456
0.831639 0.888608 0.815823
0.864804 0.918987 0.674051
0.897613 0.949367 0.501898
0.931374 0.959494 0.410759
0.96639 0.979747 0.25886
1 1 0.157595

Points: 18
Width: 0.112593
Duration: 170.793
Centroid: 0.501204 0.594259
0 0.465049 0.45148
0.0222423 0.487253 0.488487
0.0579901 0.487253 0.495888
0.0810443 0.487253 0.503289
0.12426 0.487253 0.488487
0.17325 0.494655 0.414473
0.221245 0.494655 0.347862
0.271299 0.502056 0.222039
0.316069 0.516858 0.11102
0.36769 0.539062 0.0370065
0.414484 0.568668 0
0.464081 0.58347 0
0.832033 0.472451 0.888157
0.85407 0.487253 0.925164
0.878165 0.487253 0.925164
0.912746 0.487253 0.917763
0.952531 0.479852 0.90296
1 0.472451 0.880756

Points: 23
Width: 0.0596377
Duration: 166.715
Centroid: 0.509783 0.521304
0 0.23633 0.782503
0.0231027 0.23633 0.796477
0.0588931 0.23633 0.76853
0.0834368 0.23633 0.68469
0.107067 0.250304 0.586877
0.148375 0.264277 0.461118
0.199934 0.27825 0.335359
0.249807 0.306197 0.139733
0.299374 0.334143 0.0279465
0.351238 0.334143 0
0.400103 0.334143 0.0698668
0.448886 0.334143 0.153706
0.4985 0.348117 0.405225
0.552005 0.431956 0.656744
0.599393 0.543742 0.85237
0.648539 0.655528 0.950183
0.6984 0.711422 0.964156
0.751365 0.795261 0.922236
0.800417 0.865128 0.754557
0.850278 0.893074 0.64277
0.899576 0.934994 0.293439
0.951018 0.948967 0.195626
1 0.990887 0.055893

