Label: f
Points: 47
0 562 673
0.1 562 672
0.2 563 672
0.3 565 673
0.4 566 674
0.5 574 681
0.6 577 684
0.7 581 687
0.8 585 692
0.9 588 697
1.0 590 704
1.1 591 710
1.2 591 717
1.3 591 723
1.4 591 726
1.5 590 725
1.6 589 721
1.7 587 716
1.8 583 707
1.9 578 695
2.0 571 682
2.1 564 667
2.2 557 654
2.3 551 643
2.4 546 632
2.5 542 623
2.6 539 616
2.7 537 610
2.8 537 606
2.9 538 604
3.0 541 606
3.1 544 608
3.2 547 611
3.3 551 615
3.4 552 621
3.5 554 628
3.6 556 634
3.7 558 641
3.8 560 647
3.9 562 653
4.0 564 657
4.1 566 660
4.2 567 661
4.3 568 660
4.4 570 660
4.5 573 660
4.6 578 661

Label: n
Points: 21
0 1257 698
0.1 1257 699
0.2 1257 696
0.3 1257 694
0.4 1256 689
0.5 1250 675
0.6 1248 672
0.7 1248 670
0.8 1250 669
0.9 1252 671
1.0 1256 674
1.1 1260 677
1.2 1263 679
1.3 1264 678
1.4 1264 676
1.5 1264 674
1.6 1264 670
1.7 1264 665
1.8 1264 660
1.9 1266 657
2.0 1269 656

Label: -
Points: 11
0 303 677
0.1 302 677
0.2 302 676
0.3 303 674
0.4 305 674
0.5 312 674
0.6 315 674
0.7 319 675
0.8 323 676
0.9 328 677
1.0 332 678

Label: e
Points: 26
0 1268 682
0.1 1268 681
0.2 1267 679
0.3 1269 679
0.4 1270 679
0.5 1278 682
0.6 1280 682
0.7 1283 683
0.8 1286 684
0.9 1288 686
1.0 1290 689
1.1 1291 692
1.2 1291 695
1.3 1289 696
1.4 1287 698
1.5 1284 697
1.6 1280 696
1.7 1276 692
1.8 1272 688
1.9 1268 682
2.0 1266 676
2.1 1265 672
2.2 1266 669
2.3 1268 667
2.4 1272 667
2.5 1277 667

Label: A
Points: 37
0 359 708
0.1 359 710
0.2 360 712
0.3 362 713
0.4 363 715
0.5 360 705
0.6 357 698
0.7 352 690
0.8 347 681
0.9 340 671
1.0 334 664
1.1 331 660
1.2 331 660
1.3 332 662
1.4 335 666
1.5 338 671
1.6 342 678
1.7 346 686
1.8 349 693
1.9 352 700
2.0 355 705
2.1 357 710
2.2 360 715
2.3 363 719
2.4 367 723
2.5 370 724
2.6 373 723
2.7 374 721
2.8 373 715
2.9 372 707
3.0 370 696
3.1 368 685
3.2 365 676
3.3 363 669
3.4 362 664
3.5 362 660
3.6 363 659

Label: s
Points: 23
0 635 694
0.1 636 695
0.2 636 696
0.3 636 698
0.4 635 696
0.5 627 693
0.6 625 691
0.7 622 689
0.8 621 685
0.9 621 684
1.0 622 682
1.1 624 681
1.2 627 680
1.3 629 678
1.4 631 674
1.5 630 671
1.6 629 667
1.7 626 663
1.8 623 660
1.9 619 657
2.0 616 657
2.1 615 657
2.2 613 659

Label: t
Points: 23
0 1294 684
0.1 1294 685
0.2 1295 687
0.3 1296 690
0.4 1298 691
0.5 1305 696
0.6 1308 698
0.7 1312 702
0.8 1316 706
0.9 1320 710
1.0 1323 716
1.1 1326 721
1.2 1328 727
1.3 1328 731
1.4 1329 732
1.5 1328 730
1.6 1327 725
1.7 1325 717
1.8 1320 708
1.9 1314 698
2.0 1308 689
2.1 1303 682
2.2 1299 676

Label: t
Points: 24
0 295 676
0.1 295 674
0.2 295 673
0.3 295 671
0.4 295 670
0.5 300 674
0.6 302 678
0.7 305 681
0.8 309 687
0.9 312 693
1.0 314 699
1.1 316 705
1.2 318 710
1.3 318 712
1.4 318 710
1.5 318 707
1.6 317 700
1.7 315 692
1.8 313 681
1.9 310 671
2.0 308 664
2.1 307 657
2.2 307 653
2.3 307 650

Label: s
Points: 26
0 1217 694
0.1 1218 694
0.2 1220 696
0.3 1221 696
0.4 1222 697
0.5 1223 695
0.6 1222 693
0.7 1219 692
0.8 1216 690
0.9 1211 687
1.0 1206 685
1.1 1202 682
1.2 1200 681
1.3 1202 680
1.4 1203 679
1.5 1206 678
1.6 1208 676
1.7 1211 673
1.8 1211 670
1.9 1209 665
2.0 1207 661
2.1 1203 658
2.2 1198 656
2.3 1194 656
2.4 1192 656
2.5 1194 657

Label: -
Points: 10
0 579 699
0.1 577 698
0.2 576 698
0.3 574 698
0.4 573 697
0.5 579 697
0.6 582 698
0.7 585 698
0.8 589 699
0.9 593 699

Label: t
Points: 23
0 628 678
0.1 628 676
0.2 628 678
0.3 629 680
0.4 630 682
0.5 635 689
0.6 636 692
0.7 639 696
0.8 641 701
0.9 644 707
1.0 646 714
1.1 647 721
1.2 649 726
1.3 649 729
1.4 649 729
1.5 649 726
1.6 649 720
1.7 647 712
1.8 645 703
1.9 642 692
2.0 638 684
2.1 636 677
2.2 635 671

Label: P
Points: 44
0 1120 725
0.1 1120 726
0.2 1122 728
0.3 1123 729
0.4 1124 729
0.5 1124 726
0.6 1123 722
0.7 1121 715
0.8 1117 706
0.9 1113 696
1.0 1109 687
1.1 1106 679
1.2 1104 674
1.3 1103 670
1.4 1103 670
1.5 1103 671
1.6 1105 673
1.7 1107 678
1.8 1110 683
1.9 1111 690
2.0 1113 698
2.1 1114 704
2.2 1116 712
2.3 1119 718
2.4 1122 724
2.5 1127 729
2.6 1133 734
2.7 1138 738
2.8 1144 741
2.9 1150 742
3.0 1155 742
3.1 1158 740
3.2 1161 737
3.3 1159 732
3.4 1158 726
3.5 1155 719
3.6 1152 712
3.7 1147 707
3.8 1141 703
3.9 1136 699
4.0 1131 698
4.1 1127 698
4.2 1124 699
4.3 1121 701

Label: i
Points: 14
0 587 661
0.1 588 662
0.2 589 664
0.3 590 665
0.4 592 668
0.5 599 677
0.6 601 680
0.7 603 683
0.8 604 685
0.9 604 684
1.0 604 682
1.1 602 679
1.2 602 674
1.3 601 670

Label: b
Points: 42
0 830 671
0.1 832 671
0.2 835 673
0.3 837 676
0.4 838 678
0.5 845 689
0.6 848 693
0.7 851 698
0.8 853 703
0.9 856 710
1.0 857 716
1.1 858 723
1.2 858 729
1.3 858 733
1.4 859 734
1.5 858 732
1.6 858 728
1.7 856 723
1.8 853 715
1.9 849 706
2.0 845 696
2.1 840 687
2.2 837 678
2.3 835 671
2.4 835 667
2.5 836 665
2.6 839 663
2.7 843 664
2.8 846 665
2.9 850 667
3.0 852 669
3.1 852 671
3.2 852 674
3.3 851 677
3.4 851 679
3.5 852 681
3.6 852 681
3.7 853 681
3.8 855 680
3.9 858 679
4.0 860 680
4.1 863 681

Label: e
Points: 26
0 391 676
0.1 390 674
0.2 389 673
0.3 391 672
0.4 394 672
0.5 401 676
0.6 404 678
0.7 407 679
0.8 410 682
0.9 413 685
1.0 413 689
1.1 413 691
1.2 411 693
1.3 407 693
1.4 401 692
1.5 394 689
1.6 389 685
1.7 384 679
1.8 382 673
1.9 380 667
2.0 380 662
2.1 381 658
2.2 384 656
2.3 387 654
2.4 391 653
2.5 396 654

Label: -
Points: 8
0 242 689
0.1 245 689
0.2 247 689
0.3 249 689
0.4 252 689
0.5 259 689
0.6 260 689
0.7 262 690

Label: +
Points: 8
0 816 699
0.1 816 698
0.2 817 698
0.3 819 698
0.4 821 698
0.5 830 701
0.6 834 702
0.7 838 702

Label: u
Points: 27
0 777 694
0.1 777 695
0.2 777 696
0.3 777 695
0.4 777 694
0.5 777 689
0.6 775 685
0.7 774 681
0.8 772 675
0.9 771 670
1.0 770 665
1.1 771 662
1.2 773 663
1.3 775 664
1.4 780 666
1.5 784 669
1.6 788 674
1.7 791 679
1.8 793 684
1.9 794 686
2.0 794 685
2.1 793 682
2.2 791 678
2.3 790 674
2.4 788 668
2.5 789 664
2.6 791 662

Label: (
Points: 16
0 318 733
0.1 319 735
0.2 319 736
0.3 320 737
0.4 320 739
0.5 313 736
0.6 311 732
0.7 307 726
0.8 301 717
0.9 295 706
1.0 290 694
1.1 288 685
1.2 289 678
1.3 291 671
1.4 296 667
1.5 302 664

Label: e
Points: 25
0 874 678
0.1 874 676
0.2 875 676
0.3 877 676
0.4 878 676
0.5 886 677
0.6 888 678
0.7 891 680
0.8 893 683
0.9 896 686
1.0 897 690
1.1 897 693
1.2 896 695
1.3 894 695
1.4 890 694
1.5 885 691
1.6 880 685
1.7 875 680
1.8 872 674
1.9 871 668
2.0 871 664
2.1 872 661
2.2 875 659
2.3 880 659
2.4 887 660

Label: g
Points: 39
0 1301 682
0.1 1300 681
0.2 1298 679
0.3 1296 677
0.4 1292 674
0.5 1282 660
0.6 1280 657
0.7 1280 655
0.8 1281 654
0.9 1284 655
1.0 1289 657
1.1 1294 659
1.2 1300 663
1.3 1303 668
1.4 1305 674
1.5 1305 679
1.6 1305 681
1.7 1303 679
1.8 1302 678
1.9 1301 674
2.0 1300 670
2.1 1300 663
2.2 1300 656
2.3 1300 648
2.4 1300 639
2.5 1298 629
2.6 1296 620
2.7 1292 612
2.8 1288 606
2.9 1284 602
3.0 1281 600
3.1 1278 601
3.2 1277 606
3.3 1277 611
3.4 1278 618
3.5 1280 626
3.6 1283 633
3.7 1288 639
3.8 1294 642

Label: i
Points: 18
0 610 665
0.1 610 664
0.2 610 661
0.3 610 660
0.4 609 659
0.5 611 664
0.6 614 667
0.7 617 670
0.8 620 673
0.9 622 676
1.0 624 679
1.1 624 681
1.2 624 680
1.3 622 679
1.4 621 676
1.5 619 673
1.6 618 669
1.7 618 665

Label: O
Points: 30
0 1020 712
0.1 1021 713
0.2 1019 713
0.3 1016 712
0.4 1014 709
0.5 1004 693
0.6 1001 688
0.7 998 682
0.8 996 677
0.9 996 672
1.0 997 668
1.1 999 667
1.2 1002 667
1.3 1007 668
1.4 1013 671
1.5 1019 674
1.6 1024 678
1.7 1028 682
1.8 1030 687
1.9 1031 692
2.0 1033 698
2.1 1034 704
2.2 1035 710
2.3 1036 716
2.4 1035 720
2.5 1035 721
2.6 1032 721
2.7 1029 719
2.8 1025 717
2.9 1022 715

Label: m
Points: 40
0 783 694
0.1 783 695
0.2 783 696
0.3 783 698
0.4 783 699
0.5 783 695
0.6 783 691
0.7 782 685
0.8 781 679
0.9 779 674
1.0 779 670
1.1 780 670
1.2 780 671
1.3 782 673
1.4 785 676
1.5 788 680
1.6 791 684
1.7 793 687
1.8 795 688
1.9 796 687
2.0 796 685
2.1 796 682
2.2 796 680
2.3 796 680
2.4 797 681
2.5 799 684
2.6 802 686
2.7 805 690
2.8 808 692
2.9 811 694
3.0 814 695
3.1 818 695
3.2 819 693
3.3 821 691
3.4 821 686
3.5 821 681
3.6 821 674
3.7 820 668
3.8 820 665
3.9 822 663

Label: +
Points: 10
0 464 698
0.1 465 696
0.2 466 696
0.3 468 696
0.4 469 696
0.5 479 696
0.6 482 696
0.7 486 697
0.8 490 698
0.9 494 699

Label: e
Points: 24
0 1021 674
0.1 1021 673
0.2 1020 671
0.3 1020 670
0.4 1020 669
0.5 1027 669
0.6 1030 670
0.7 1033 672
0.8 1037 674
0.9 1041 678
1.0 1043 681
1.1 1044 684
1.2 1042 687
1.3 1038 685
1.4 1032 684
1.5 1026 681
1.6 1021 678
1.7 1017 673
1.8 1017 668
1.9 1018 664
2.0 1020 661
2.1 1024 659
2.2 1030 659
2.3 1035 659

Label: d
Points: 30
0 1274 690
0.1 1274 691
0.2 1272 691
0.3 1270 690
0.4 1269 689
0.5 1256 681
0.6 1253 678
0.7 1249 674
0.8 1247 670
0.9 1246 665
1.0 1247 663
1.1 1250 661
1.2 1253 662
1.3 1256 664
1.4 1262 666
1.5 1267 670
1.6 1272 677
1.7 1277 685
1.8 1280 695
1.9 1283 705
2.0 1284 715
2.1 1285 723
2.2 1285 728
2.3 1285 725
2.4 1283 720
2.5 1281 712
2.6 1278 704
2.7 1276 694
2.8 1274 685
2.9 1273 679

Label: i
Points: 15
0 777 664
0.1 778 665
0.2 780 666
0.3 782 668
0.4 785 670
0.5 792 676
0.6 794 678
0.7 797 680
0.8 797 680
0.9 797 679
1.0 797 676
1.1 796 674
1.2 795 670
1.3 794 665
1.4 794 662

Label: 2
Points: 43
0 1077 720
0.1 1075 720
0.2 1074 719
0.3 1073 718
0.4 1072 717
0.5 1068 717
0.6 1068 718
0.7 1069 720
0.8 1070 722
0.9 1072 726
1.0 1075 731
1.1 1078 735
1.2 1080 739
1.3 1083 743
1.4 1085 745
1.5 1088 746
1.6 1090 746
1.7 1092 745
1.8 1093 743
1.9 1092 738
2.0 1090 729
2.1 1085 718
2.2 1077 706
2.3 1067 695
2.4 1058 685
2.5 1050 676
2.6 1047 670
2.7 1046 668
2.8 1048 670
2.9 1050 672
3.0 1053 674
3.1 1056 676
3.2 1058 676
3.3 1060 674
3.4 1061 671
3.5 1061 668
3.6 1061 665
3.7 1063 663
3.8 1065 662
3.9 1069 662
4.0 1072 663
4.1 1075 664
4.2 1078 666

Label: j
Points: 28
0 637 661
0.1 636 662
0.2 637 665
0.3 639 667
0.4 641 670
0.5 647 678
0.6 649 681
0.7 652 684
0.8 654 688
0.9 654 690
1.0 654 689
1.1 652 685
1.2 651 679
1.3 649 673
1.4 647 664
1.5 644 657
1.6 643 650
1.7 641 644
1.8 641 639
1.9 640 632
2.0 639 627
2.1 637 621
2.2 633 615
2.3 629 610
2.4 624 607
2.5 620 606
2.6 617 607
2.7 617 610

Label: $
Points: 25
0 415 728
0.1 413 729
0.2 411 728
0.3 409 726
0.4 406 725
0.5 399 720
0.6 396 718
0.7 393 715
0.8 391 712
0.9 392 709
1.0 394 707
1.1 398 706
1.2 401 704
1.3 404 703
1.4 406 700
1.5 407 696
1.6 406 693
1.7 404 689
1.8 401 685
1.9 395 681
2.0 388 679
2.1 382 676
2.2 377 675
2.3 376 675
2.4 377 676

Label: t
Points: 22
0 880 685
0.1 881 687
0.2 883 688
0.3 885 690
0.4 888 693
0.5 895 700
0.6 899 703
0.7 902 707
0.8 906 712
0.9 908 718
1.0 910 724
1.1 910 729
1.2 910 730
1.3 909 727
1.4 907 721
1.5 903 713
1.6 899 704
1.7 894 694
1.8 891 685
1.9 888 679
2.0 886 673
2.1 887 670

Label: q
Points: 30
0 1112 695
0.1 1112 696
0.2 1112 698
0.3 1112 699
0.4 1110 698
0.5 1098 690
0.6 1094 685
0.7 1089 680
0.8 1088 676
0.9 1089 672
1.0 1091 671
1.1 1093 670
1.2 1097 671
1.3 1102 672
1.4 1106 675
1.5 1111 679
1.6 1114 684
1.7 1116 689
1.8 1115 692
1.9 1113 690
2.0 1111 686
2.1 1110 682
2.2 1106 674
2.3 1103 665
2.4 1099 654
2.5 1093 642
2.6 1087 630
2.7 1080 620
2.8 1075 610
2.9 1070 603

Label: e
Points: 26
0 530 670
0.1 530 669
0.2 531 669
0.3 534 669
0.4 537 670
0.5 545 674
0.6 547 676
0.7 551 678
0.8 555 680
0.9 558 682
1.0 559 685
1.1 558 688
1.2 556 690
1.3 554 690
1.4 550 690
1.5 546 689
1.6 541 686
1.7 538 681
1.8 535 674
1.9 533 668
2.0 533 662
2.1 535 658
2.2 537 656
2.3 541 657
2.4 546 657
2.5 552 659

Label: a
Points: 33
0 110 684
0.1 110 685
0.2 109 686
0.3 107 686
0.4 106 686
0.5 101 685
0.6 99 683
0.7 98 679
0.8 95 676
0.9 93 671
1.0 92 668
1.1 92 666
1.2 93 665
1.3 96 665
1.4 99 667
1.5 104 668
1.6 107 671
1.7 111 674
1.8 113 678
1.9 114 681
2.0 113 684
2.1 112 684
2.2 112 683
2.3 111 681
2.4 111 677
2.5 112 672
2.6 112 666
2.7 113 662
2.8 116 659
2.9 119 658
3.0 123 659
3.1 128 660
3.2 133 662

Label: 5
Points: 31
0 602 730
0.1 601 729
0.2 599 726
0.3 597 724
0.4 596 723
0.5 583 710
0.6 579 706
0.7 576 706
0.8 574 706
0.9 572 705
1.0 571 703
1.1 569 700
1.2 566 695
1.3 563 691
1.4 561 688
1.5 562 687
1.6 563 686
1.7 565 686
1.8 568 686
1.9 570 685
2.0 572 684
2.1 575 682
2.2 576 680
2.3 577 678
2.4 577 675
2.5 575 672
2.6 572 670
2.7 569 668
2.8 565 666
2.9 560 666
3.0 558 667

Label: e
Points: 25
0 1016 671
0.1 1014 671
0.2 1016 671
0.3 1017 671
0.4 1020 671
0.5 1033 675
0.6 1037 678
0.7 1041 680
0.8 1044 683
0.9 1047 686
1.0 1047 689
1.1 1044 690
1.2 1039 689
1.3 1032 688
1.4 1025 686
1.5 1017 682
1.6 1012 678
1.7 1010 673
1.8 1011 668
1.9 1013 664
2.0 1016 662
2.1 1019 660
2.2 1023 660
2.3 1028 659
2.4 1033 660

Label: T
Points: 8
0 788 719
0.1 790 720
0.2 793 721
0.3 798 722
0.4 801 723
0.5 813 724
0.6 816 724
0.7 819 724

Label: w
Points: 27
0 563 696
0.1 564 698
0.2 566 698
0.3 566 696
0.4 566 693
0.5 564 681
0.6 563 676
0.7 563 673
0.8 563 670
0.9 565 668
1.0 566 669
1.1 569 671
1.2 572 673
1.3 576 675
1.4 578 678
1.5 580 678
1.6 580 676
1.7 580 674
1.8 580 671
1.9 581 670
2.0 583 670
2.1 587 671
2.2 591 674
2.3 596 679
2.4 600 684
2.5 603 690
2.6 605 694

Label: v
Points: 29
0 1378 701
0.1 1379 702
0.2 1380 704
0.3 1380 706
0.4 1380 707
0.5 1380 704
0.6 1380 703
0.7 1379 699
0.8 1378 696
0.9 1376 691
1.0 1375 687
1.1 1375 683
1.2 1375 679
1.3 1375 675
1.4 1375 671
1.5 1375 668
1.6 1375 665
1.7 1376 663
1.8 1378 664
1.9 1380 666
2.0 1383 671
2.1 1385 676
2.2 1387 683
2.3 1389 689
2.4 1391 694
2.5 1393 698
2.6 1395 701
2.7 1397 702
2.8 1400 702

Label: o
Points: 23
0 1185 682
0.1 1185 683
0.2 1184 682
0.3 1182 680
0.4 1180 678
0.5 1173 664
0.6 1172 661
0.7 1172 659
0.8 1174 658
0.9 1177 658
1.0 1181 659
1.1 1186 662
1.2 1192 665
1.3 1197 668
1.4 1200 672
1.5 1200 675
1.6 1198 678
1.7 1195 679
1.8 1191 680
1.9 1186 681
2.0 1181 681
2.1 1180 681
2.2 1182 680

Label: 2
Points: 46
0 643 712
0.1 641 712
0.2 640 710
0.3 639 710
0.4 638 709
0.5 634 709
0.6 634 710
0.7 635 713
0.8 635 717
0.9 637 721
1.0 639 726
1.1 641 729
1.2 644 732
1.3 648 735
1.4 651 735
1.5 654 735
1.6 657 735
1.7 657 732
1.8 657 728
1.9 654 721
2.0 652 714
2.1 647 706
2.2 643 698
2.3 637 691
2.4 632 684
2.5 629 679
2.6 626 676
2.7 624 676
2.8 624 676
2.9 625 677
3.0 626 678
3.1 627 678
3.2 630 678
3.3 632 678
3.4 635 678
3.5 637 676
3.6 640 674
3.7 642 673
3.8 645 671
3.9 648 671
4.0 652 672
4.1 655 673
4.2 657 674
4.3 660 676
4.4 661 677
4.5 663 679

Label: s
Points: 23
0 841 693
0.1 839 693
0.2 837 693
0.3 835 693
0.4 833 692
0.5 819 684
0.6 816 681
0.7 814 678
0.8 815 676
0.9 817 674
1.0 819 675
1.1 822 676
1.2 826 676
1.3 830 675
1.4 832 674
1.5 832 671
1.6 830 668
1.7 828 665
1.8 825 662
1.9 822 661
2.0 819 661
2.1 816 661
2.2 814 662

Label: .
Points: 1
0 1665 665

Label: =
Points: 8
0 863 703
0.1 865 703
0.2 868 703
0.3 869 703
0.4 871 703
0.5 883 704
0.6 885 704
0.7 885 706

Label: d
Points: 34
0 837 693
0.1 838 695
0.2 838 696
0.3 836 695
0.4 834 694
0.5 826 686
0.6 824 683
0.7 820 679
0.8 818 674
0.9 814 668
1.0 814 664
1.1 814 660
1.2 817 659
1.3 821 660
1.4 825 662
1.5 830 667
1.6 836 673
1.7 840 681
1.8 844 692
1.9 846 703
2.0 847 713
2.1 848 724
2.2 849 733
2.3 850 739
2.4 850 740
2.5 850 737
2.6 850 731
2.7 849 722
2.8 847 712
2.9 844 700
3.0 841 690
3.1 838 682
3.2 836 674
3.3 835 670

Label: e
Points: 29
0 360 670
0.1 360 669
0.2 360 667
0.3 361 667
0.4 363 667
0.5 371 670
0.6 374 671
0.7 378 674
0.8 382 677
0.9 385 681
1.0 387 684
1.1 388 689
1.2 388 692
1.3 387 695
1.4 385 696
1.5 382 695
1.6 378 692
1.7 374 689
1.8 370 684
1.9 366 678
2.0 363 672
2.1 361 667
2.2 362 662
2.3 363 659
2.4 366 657
2.5 370 657
2.6 377 657
2.7 384 659
2.8 390 660

Label: s
Points: 21
0 1248 694
0.1 1250 694
0.2 1248 693
0.3 1246 693
0.4 1244 692
0.5 1236 687
0.6 1233 686
0.7 1234 685
0.8 1235 684
0.9 1238 683
1.0 1242 682
1.1 1247 681
1.2 1253 680
1.3 1255 678
1.4 1253 676
1.5 1251 673
1.6 1247 671
1.7 1242 668
1.8 1236 667
1.9 1231 665
2.0 1230 665

Label: a
Points: 33
0 652 689
0.1 652 690
0.2 652 692
0.3 651 692
0.4 649 692
0.5 643 690
0.6 641 688
0.7 638 684
0.8 635 680
0.9 632 674
1.0 630 670
1.1 631 665
1.2 633 664
1.3 636 665
1.4 641 666
1.5 647 668
1.6 653 671
1.7 658 676
1.8 661 680
1.9 663 684
2.0 663 687
2.1 663 689
2.2 661 690
2.3 659 689
2.4 657 687
2.5 655 684
2.6 654 680
2.7 654 676
2.8 655 671
2.9 657 667
3.0 659 665
3.1 663 665
3.2 669 666

Label: S
Points: 28
0 1317 738
0.1 1317 740
0.2 1317 742
0.3 1316 742
0.4 1314 742
0.5 1305 737
0.6 1300 735
0.7 1296 732
0.8 1291 728
0.9 1287 724
1.0 1284 721
1.1 1284 719
1.2 1286 717
1.3 1288 714
1.4 1292 711
1.5 1295 708
1.6 1298 704
1.7 1300 701
1.8 1302 697
1.9 1303 694
2.0 1302 691
2.1 1300 689
2.2 1297 686
2.3 1292 683
2.4 1286 681
2.5 1280 678
2.6 1275 677
2.7 1275 678

Label: 3
Points: 32
0 854 726
0.1 854 727
0.2 854 728
0.3 854 729
0.4 855 731
0.5 861 735
0.6 864 735
0.7 868 735
0.8 872 735
0.9 876 734
1.0 876 731
1.1 874 727
1.2 872 721
1.3 868 716
1.4 863 711
1.5 860 709
1.6 860 709
1.7 861 710
1.8 863 710
1.9 867 710
2.0 871 709
2.1 874 707
2.2 875 704
2.3 874 698
2.4 872 693
2.5 871 688
2.6 868 684
2.7 864 681
2.8 861 679
2.9 858 679
3.0 854 680
3.1 850 682

Label: p
Points: 39
0 496 682
0.1 496 684
0.2 496 682
0.3 496 680
0.4 495 678
0.5 487 653
0.6 483 646
0.7 479 639
0.8 474 632
0.9 470 625
1.0 469 620
1.1 470 620
1.2 473 621
1.3 475 624
1.4 479 628
1.5 482 634
1.6 485 642
1.7 487 649
1.8 488 656
1.9 490 663
2.0 491 670
2.1 493 674
2.2 495 679
2.3 499 684
2.4 503 689
2.5 508 692
2.6 513 694
2.7 518 694
2.8 522 693
2.9 524 691
3.0 523 687
3.1 521 681
3.2 517 674
3.3 513 668
3.4 507 662
3.5 501 659
3.6 498 659
3.7 496 660
3.8 498 663

Label: L
Points: 22
0 780 732
0.1 780 729
0.2 780 727
0.3 780 720
0.4 779 713
0.5 768 694
0.6 763 687
0.7 758 681
0.8 753 674
0.9 749 668
1.0 746 665
1.1 747 664
1.2 748 664
1.3 749 665
1.4 751 664
1.5 754 664
1.6 757 664
1.7 761 662
1.8 767 662
1.9 772 662
2.0 779 661
2.1 783 661

Label: 8
Points: 33
0 666 736
0.1 667 737
0.2 668 738
0.3 669 739
0.4 671 739
0.5 677 740
0.6 679 740
0.7 681 740
0.8 681 738
0.9 680 734
1.0 675 727
1.1 669 718
1.2 660 707
1.3 650 697
1.4 642 688
1.5 636 680
1.6 633 674
1.7 634 671
1.8 636 668
1.9 640 668
2.0 645 668
2.1 651 670
2.2 658 672
2.3 663 676
2.4 665 682
2.5 663 689
2.6 661 696
2.7 657 703
2.8 652 710
2.9 647 716
3.0 644 721
3.1 646 724
3.2 650 728

Label: '
Points: 6
0 285 711
0.1 285 709
0.2 285 703
0.3 285 698
0.4 284 694
0.5 280 684

Label: u
Points: 23
0 321 691
0.1 321 690
0.2 320 689
0.3 318 686
0.4 318 684
0.5 313 671
0.6 313 668
0.7 313 665
0.8 313 663
0.9 315 664
1.0 318 665
1.1 323 667
1.2 327 670
1.3 332 673
1.4 335 678
1.5 336 679
1.6 335 679
1.7 334 676
1.8 334 673
1.9 333 668
2.0 333 664
2.1 334 660
2.2 335 659

Label: 5
Points: 30
0 1051 746
0.1 1050 745
0.2 1049 745
0.3 1046 744
0.4 1044 743
0.5 1037 740
0.6 1034 739
0.7 1031 738
0.8 1028 738
0.9 1027 736
1.0 1025 732
1.1 1024 727
1.2 1021 721
1.3 1018 714
1.4 1016 710
1.5 1016 707
1.6 1017 706
1.7 1020 706
1.8 1022 706
1.9 1026 706
2.0 1030 706
2.1 1033 705
2.2 1035 703
2.3 1035 699
2.4 1033 695
2.5 1029 690
2.6 1023 685
2.7 1016 681
2.8 1010 678
2.9 1005 676

Label: h
Points: 38
0 567 674
0.1 569 676
0.2 572 679
0.3 574 681
0.4 577 684
0.5 585 694
0.6 587 698
0.7 589 703
0.8 591 709
0.9 592 715
1.0 593 721
1.1 594 724
1.2 595 723
1.3 595 720
1.4 594 715
1.5 592 709
1.6 589 700
1.7 585 691
1.8 579 683
1.9 574 676
2.0 571 673
2.1 571 671
2.2 573 673
2.3 574 675
2.4 577 678
2.5 579 681
2.6 582 684
2.7 583 682
2.8 585 681
2.9 586 678
3.0 587 676
3.1 588 673
3.2 590 670
3.3 590 666
3.4 591 664
3.5 593 662
3.6 594 661
3.7 597 662

Label: !
Points: 11
0 1342 734
0.1 1342 735
0.2 1342 732
0.3 1342 729
0.4 1341 723
0.5 1336 710
0.6 1334 704
0.7 1333 699
0.8 1330 693
0.9 1328 687
1.0 1327 683

Label: H
Points: 23
0 599 734
0.1 600 735
0.2 600 733
0.3 600 731
0.4 600 725
0.5 594 702
0.6 591 695
0.7 587 687
0.8 582 679
0.9 577 670
1.0 574 665
1.1 572 661
1.2 574 661
1.3 629 734
1.4 629 731
1.5 627 726
1.6 626 718
1.7 623 712
1.8 611 691
1.9 607 685
2.0 604 680
2.1 600 674
2.2 599 670

Label: m
Points: 37
0 843 698
0.1 844 698
0.2 845 698
0.3 845 696
0.4 845 695
0.5 840 684
0.6 837 679
0.7 833 674
0.8 832 671
0.9 831 669
1.0 832 670
1.1 834 673
1.2 836 676
1.3 839 679
1.4 843 683
1.5 846 687
1.6 849 688
1.7 849 687
1.8 849 684
1.9 849 681
2.0 848 677
2.1 847 673
2.2 847 671
2.3 849 671
2.4 850 672
2.5 852 674
2.6 854 677
2.7 857 681
2.8 858 684
2.9 860 685
3.0 862 684
3.1 863 682
3.2 864 679
3.3 865 675
3.4 866 671
3.5 867 668
3.6 869 665

Label: u
Points: 26
0 1049 692
0.1 1049 693
0.2 1049 690
0.3 1049 688
0.4 1047 685
0.5 1042 675
0.6 1041 671
0.7 1040 667
0.8 1041 665
0.9 1042 663
1.0 1045 664
1.1 1049 665
1.2 1053 668
1.3 1058 671
1.4 1061 675
1.5 1063 680
1.6 1064 683
1.7 1063 682
1.8 1062 681
1.9 1061 678
2.0 1060 673
2.1 1059 668
2.2 1059 664
2.3 1060 660
2.4 1061 658
2.5 1064 657

Label: !
Points: 11
0 946 768
0.1 946 767
0.2 946 764
0.3 946 762
0.4 946 760
0.5 941 743
0.6 938 736
0.7 933 729
0.8 928 721
0.9 922 715
1.0 919 709

Label: y
Points: 40
0 1578 698
0.1 1577 696
0.2 1576 694
0.3 1574 689
0.4 1572 684
0.5 1563 672
0.6 1561 669
0.7 1561 667
0.8 1562 665
0.9 1565 664
1.0 1568 665
1.1 1574 666
1.2 1579 667
1.3 1585 670
1.4 1590 674
1.5 1592 678
1.6 1595 682
1.7 1595 682
1.8 1595 680
1.9 1594 678
2.0 1593 673
2.1 1591 667
2.2 1588 659
2.3 1585 650
2.4 1581 642
2.5 1578 633
2.6 1573 625
2.7 1569 619
2.8 1564 614
2.9 1560 610
3.0 1556 610
3.1 1552 612
3.2 1550 614
3.3 1550 618
3.4 1552 624
3.5 1554 631
3.6 1559 637
3.7 1565 642
3.8 1573 646
3.9 1582 649

Label: n
Points: 22
0 1075 698
0.1 1075 695
0.2 1075 694
0.3 1074 692
0.4 1072 689
0.5 1067 676
0.6 1065 673
0.7 1064 672
0.8 1066 673
0.9 1067 674
1.0 1069 677
1.1 1072 680
1.2 1075 684
1.3 1077 685
1.4 1079 683
1.5 1080 681
1.6 1080 677
1.7 1080 673
1.8 1080 668
1.9 1081 664
2.0 1083 662
2.1 1086 664

Label: a
Points: 26
0 928 698
0.1 928 696
0.2 928 695
0.3 928 694
0.4 927 693
0.5 922 688
0.6 921 687
0.7 919 685
0.8 918 682
0.9 917 680
1.0 918 678
1.1 920 677
1.2 922 678
1.3 925 679
1.4 928 682
1.5 930 686
1.6 932 690
1.7 932 695
1.8 932 696
1.9 932 695
2.0 931 692
2.1 930 687
2.2 929 683
2.3 929 678
2.4 930 674
2.5 932 672

Label: I
Points: 10
0 657 731
0.1 657 729
0.2 657 727
0.3 655 721
0.4 655 717
0.5 645 690
0.6 641 684
0.7 637 678
0.8 633 671
0.9 630 665

Label: =
Points: 9
0 532 696
0.1 530 696
0.2 532 696
0.3 533 696
0.4 535 696
0.5 544 696
0.6 547 696
0.7 551 696
0.8 555 698

Label: L
Points: 25
0 444 724
0.1 444 722
0.2 444 720
0.3 444 718
0.4 444 713
0.5 440 697
0.6 438 691
0.7 434 684
0.8 430 677
0.9 426 671
1.0 423 667
1.1 423 665
1.2 424 665
1.3 425 666
1.4 426 667
1.5 427 668
1.6 429 668
1.7 432 668
1.8 436 668
1.9 440 668
2.0 445 668
2.1 450 668
2.2 455 668
2.3 459 669
2.4 462 670

Label: o
Points: 23
0 277 685
0.1 276 684
0.2 274 683
0.3 273 681
0.4 270 678
0.5 262 670
0.6 261 667
0.7 262 665
0.8 262 662
0.9 265 660
1.0 268 660
1.1 274 661
1.2 281 662
1.3 288 665
1.4 294 667
1.5 298 670
1.6 301 673
1.7 301 676
1.8 299 678
1.9 295 681
2.0 291 684
2.1 286 686
2.2 282 686

Label: O
Points: 24
0 621 709
0.1 619 706
0.2 616 704
0.3 614 701
0.4 611 698
0.5 604 685
0.6 602 682
0.7 602 679
0.8 604 677
0.9 607 675
1.0 611 676
1.1 618 677
1.2 626 679
1.3 633 682
1.4 638 686
1.5 642 690
1.6 645 693
1.7 646 697
1.8 645 700
1.9 643 703
2.0 639 706
2.1 634 709
2.2 629 710
2.3 624 710

Label: o
Points: 23
0 643 680
0.1 643 681
0.2 643 682
0.3 641 681
0.4 640 678
0.5 632 667
0.6 630 663
0.7 629 659
0.8 630 656
0.9 632 654
1.0 636 654
1.1 641 656
1.2 646 658
1.3 652 662
1.4 657 666
1.5 658 670
1.6 658 675
1.7 656 679
1.8 654 682
1.9 650 683
2.0 646 683
2.1 644 682
2.2 645 682

Label: y
Points: 40
0 963 701
0.1 963 703
0.2 963 701
0.3 962 699
0.4 961 696
0.5 957 680
0.6 956 676
0.7 956 672
0.8 957 668
0.9 958 665
1.0 960 664
1.1 964 664
1.2 969 666
1.3 974 669
1.4 978 673
1.5 981 678
1.6 982 683
1.7 983 686
1.8 982 685
1.9 981 681
2.0 980 676
2.1 978 669
2.2 977 661
2.3 975 653
2.4 974 644
2.5 974 635
2.6 972 627
2.7 970 620
2.8 967 613
2.9 963 608
3.0 959 605
3.1 955 606
3.2 952 609
3.3 950 612
3.4 949 617
3.5 950 622
3.6 952 628
3.7 955 633
3.8 960 637
3.9 967 640

Label: q
Points: 35
0 1129 689
0.1 1129 690
0.2 1130 691
0.3 1130 693
0.4 1132 693
0.5 1128 694
0.6 1125 693
0.7 1121 691
0.8 1117 687
0.9 1112 681
1.0 1108 676
1.1 1105 671
1.2 1106 667
1.3 1107 665
1.4 1110 665
1.5 1113 666
1.6 1118 667
1.7 1125 668
1.8 1131 671
1.9 1136 674
2.0 1139 678
2.1 1141 683
2.2 1141 688
2.3 1140 690
2.4 1139 690
2.5 1139 688
2.6 1139 684
2.7 1139 677
2.8 1138 670
2.9 1135 660
3.0 1131 652
3.1 1128 643
3.2 1124 633
3.3 1120 625
3.4 1118 618

Label: R
Points: 54
0 1233 731
0.1 1234 731
0.2 1234 732
0.3 1235 733
0.4 1236 733
0.5 1236 723
0.6 1234 717
0.7 1231 710
0.8 1227 701
0.9 1222 693
1.0 1217 686
1.1 1213 681
1.2 1212 677
1.3 1213 676
1.4 1214 676
1.5 1216 679
1.6 1218 682
1.7 1220 687
1.8 1223 695
1.9 1225 702
2.0 1228 709
2.1 1231 715
2.2 1234 720
2.3 1238 724
2.4 1243 728
2.5 1248 731
2.6 1254 735
2.7 1259 737
2.8 1264 738
2.9 1266 737
3.0 1265 734
3.1 1263 729
3.2 1260 721
3.3 1256 713
3.4 1250 706
3.5 1245 701
3.6 1241 698
3.7 1238 699
3.8 1238 699
3.9 1238 699
4.0 1239 698
4.1 1239 696
4.2 1240 695
4.3 1240 692
4.4 1241 690
4.5 1242 688
4.6 1243 685
4.7 1245 683
4.8 1247 681
4.9 1248 678
5.0 1252 676
5.1 1254 676
5.2 1256 677
5.3 1259 678

Label: ?
Points: 15
0 1744 715
0.1 1745 716
0.2 1748 716
0.3 1750 717
0.4 1752 718
0.5 1758 718
0.6 1759 717
0.7 1759 715
0.8 1757 710
0.9 1754 704
1.0 1748 698
1.1 1742 692
1.2 1736 686
1.3 1729 682
1.4 1728 678

Label: 5
Points: 34
0 490 745
0.1 491 745
0.2 491 744
0.3 490 742
0.4 487 739
0.5 479 732
0.6 477 729
0.7 473 727
0.8 469 726
0.9 466 725
1.0 465 723
1.1 463 720
1.2 460 715
1.3 457 709
1.4 454 704
1.5 452 701
1.6 453 699
1.7 454 698
1.8 456 698
1.9 457 698
2.0 459 696
2.1 462 694
2.2 463 692
2.3 464 689
2.4 465 687
2.5 465 684
2.6 465 681
2.7 463 678
2.8 461 674
2.9 458 671
3.0 454 668
3.1 450 667
3.2 445 667
3.3 442 668

Label: N
Points: 39
0 932 659
0.1 933 660
0.2 934 663
0.3 935 665
0.4 937 667
0.5 944 676
0.6 946 679
0.7 948 684
0.8 951 690
0.9 954 696
1.0 957 702
1.1 960 707
1.2 962 711
1.3 963 712
1.4 964 712
1.5 964 709
1.6 963 704
1.7 962 697
1.8 961 689
1.9 958 681
2.0 957 674
2.1 955 669
2.2 955 664
2.3 956 662
2.4 958 662
2.5 961 664
2.6 964 665
2.7 967 668
2.8 969 673
2.9 971 678
3.0 972 684
3.1 973 691
3.2 975 698
3.3 977 705
3.4 980 713
3.5 984 720
3.6 988 726
3.7 991 731
3.8 994 732

Label: Q
Points: 30
0 1191 724
0.1 1189 724
0.2 1188 724
0.3 1187 722
0.4 1184 720
0.5 1175 705
0.6 1170 699
0.7 1166 693
0.8 1162 687
0.9 1159 681
1.0 1160 676
1.1 1162 674
1.2 1166 673
1.3 1171 674
1.4 1178 675
1.5 1184 678
1.6 1191 682
1.7 1196 687
1.8 1201 695
1.9 1205 703
2.0 1207 711
2.1 1208 718
2.2 1208 723
2.3 1206 729
2.4 1203 733
2.5 1200 737
2.6 1196 738
2.7 1192 738
2.8 1189 737
2.9 1185 734

Label: a
Points: 31
0 1334 689
0.1 1333 689
0.2 1332 690
0.3 1331 691
0.4 1330 691
0.5 1324 687
0.6 1322 684
0.7 1318 681
0.8 1315 678
0.9 1311 673
1.0 1310 669
1.1 1311 667
1.2 1312 665
1.3 1316 665
1.4 1319 666
1.5 1323 668
1.6 1328 671
1.7 1332 674
1.8 1334 679
1.9 1333 684
2.0 1332 687
2.1 1330 688
2.2 1328 687
2.3 1326 685
2.4 1324 682
2.5 1324 678
2.6 1325 673
2.7 1327 668
2.8 1329 664
2.9 1333 660
3.0 1337 659

Label: o
Points: 25
0 410 683
0.1 409 683
0.2 407 682
0.3 405 681
0.4 404 678
0.5 399 667
0.6 398 664
0.7 398 661
0.8 400 659
0.9 403 658
1.0 407 659
1.1 413 661
1.2 419 664
1.3 425 668
1.4 429 671
1.5 431 676
1.6 431 681
1.7 430 684
1.8 427 686
1.9 423 687
2.0 418 687
2.1 412 686
2.2 409 685
2.3 409 684
2.4 411 682

Label: t
Points: 24
0 944 681
0.1 944 680
0.2 947 681
0.3 948 682
0.4 950 684
0.5 961 693
0.6 964 696
0.7 968 700
0.8 971 706
0.9 973 712
1.0 974 719
1.1 974 725
1.2 974 728
1.3 974 728
1.4 973 725
1.5 972 721
1.6 971 714
1.7 967 706
1.8 964 696
1.9 960 687
2.0 957 681
2.1 956 674
2.2 955 670
2.3 957 666

Label: o
Points: 24
0 607 674
0.1 605 674
0.2 603 673
0.3 601 670
0.4 598 668
0.5 594 659
0.6 593 655
0.7 594 651
0.8 596 648
0.9 598 646
1.0 602 646
1.1 607 647
1.2 613 649
1.3 618 652
1.4 622 656
1.5 623 662
1.6 622 667
1.7 620 670
1.8 617 673
1.9 612 674
2.0 607 673
2.1 603 673
2.2 602 671
2.3 605 670

Label: f
Points: 49
0 351 671
0.1 351 670
0.2 351 671
0.3 352 672
0.4 354 674
0.5 363 681
0.6 366 684
0.7 370 687
0.8 373 692
0.9 376 698
1.0 377 704
1.1 378 710
1.2 379 716
1.3 379 721
1.4 380 726
1.5 380 730
1.6 381 731
1.7 380 729
1.8 379 724
1.9 375 717
2.0 370 706
2.1 362 691
2.2 355 677
2.3 349 662
2.4 344 648
2.5 340 636
2.6 337 626
2.7 335 618
2.8 336 613
2.9 337 610
3.0 339 610
3.1 342 610
3.2 346 612
3.3 349 614
3.4 352 618
3.5 355 623
3.6 355 630
3.7 356 637
3.8 357 645
3.9 357 652
4.0 357 659
4.1 357 665
4.2 357 668
4.3 358 668
4.4 359 668
4.5 362 667
4.6 364 667
4.7 368 666
4.8 373 666

Label: b
Points: 44
0 955 675
0.1 954 674
0.2 956 674
0.3 958 676
0.4 961 678
0.5 973 687
0.6 976 689
0.7 979 693
0.8 983 698
0.9 986 705
1.0 988 712
1.1 989 718
1.2 989 723
1.3 989 728
1.4 990 732
1.5 991 733
1.6 991 732
1.7 991 728
1.8 989 721
1.9 986 712
2.0 981 701
2.1 976 690
2.2 971 681
2.3 967 673
2.4 966 667
2.5 967 663
2.6 969 660
2.7 972 659
2.8 975 660
2.9 980 662
3.0 984 665
3.1 986 668
3.2 986 671
3.3 985 673
3.4 983 674
3.5 981 676
3.6 981 678
3.7 981 679
3.8 983 681
3.9 987 683
4.0 991 684
4.1 996 684
4.2 999 684
4.3 1003 684

Label: G
Points: 30
0 501 727
0.1 501 729
0.2 501 730
0.3 500 731
0.4 499 729
0.5 490 717
0.6 485 711
0.7 480 704
0.8 474 696
0.9 468 689
1.0 465 682
1.1 463 677
1.2 463 673
1.3 465 670
1.4 467 670
1.5 471 670
1.6 474 670
1.7 477 671
1.8 479 673
1.9 480 675
2.0 480 678
2.1 480 681
2.2 480 683
2.3 482 684
2.4 483 685
2.5 486 685
2.6 490 685
2.7 493 685
2.8 498 686
2.9 501 687

Label: q
Points: 39
0 193 679
0.1 193 680
0.2 195 682
0.3 195 684
0.4 195 685
0.5 190 687
0.6 188 686
0.7 186 684
0.8 182 681
0.9 179 677
1.0 176 671
1.1 174 665
1.2 174 661
1.3 176 659
1.4 177 657
1.5 180 658
1.6 184 659
1.7 190 662
1.8 195 665
1.9 200 670
2.0 203 674
2.1 204 678
2.2 204 682
2.3 202 684
2.4 201 685
2.5 199 684
2.6 198 683
2.7 196 681
2.8 196 676
2.9 196 670
3.0 195 660
3.1 194 649
3.2 191 638
3.3 187 626
3.4 184 616
3.5 181 608
3.6 181 602
3.7 181 598
3.8 183 598

Label: t
Points: 21
0 814 678
0.1 816 678
0.2 817 678
0.3 818 678
0.4 819 680
0.5 826 689
0.6 828 692
0.7 830 696
0.8 832 703
0.9 834 711
1.0 836 720
1.1 838 728
1.2 841 735
1.3 843 736
1.4 843 732
1.5 843 726
1.6 840 717
1.7 838 706
1.8 835 695
1.9 831 687
2.0 828 681

Label: u
Points: 25
0 1415 689
0.1 1415 690
0.2 1416 690
0.3 1416 689
0.4 1415 687
0.5 1410 677
0.6 1408 673
0.7 1407 670
0.8 1406 666
0.9 1408 664
1.0 1409 664
1.1 1412 665
1.2 1416 666
1.3 1420 668
1.4 1425 671
1.5 1428 676
1.6 1431 681
1.7 1431 684
1.8 1430 683
1.9 1428 681
2.0 1426 679
2.1 1425 674
2.2 1424 670
2.3 1425 666
2.4 1426 664

Label: @
Points: 63
0 964 717
0.1 965 718
0.2 964 720
0.3 963 720
0.4 962 720
0.5 957 720
0.6 955 718
0.7 953 717
0.8 952 713
0.9 949 710
1.0 946 708
1.1 944 705
1.2 944 703
1.3 945 701
1.4 947 700
1.5 950 701
1.6 953 702
1.7 956 704
1.8 958 706
1.9 960 709
2.0 961 713
2.1 962 716
2.2 963 717
2.3 963 715
2.4 962 714
2.5 962 712
2.6 962 709
2.7 963 706
2.8 965 704
2.9 968 704
3.0 972 705
3.1 978 707
3.2 983 710
3.3 988 713
3.4 993 717
3.5 996 721
3.6 997 726
3.7 998 731
3.8 998 736
3.9 998 742
4.0 998 746
4.1 997 751
4.2 996 754
4.3 992 757
4.4 986 757
4.5 980 757
4.6 973 756
4.7 966 754
4.8 959 751
4.9 953 748
5.0 947 742
5.1 942 735
5.2 937 728
5.3 933 718
5.4 930 709
5.5 928 699
5.6 928 692
5.7 930 684
5.8 933 679
5.9 940 675
6.0 950 673
6.1 961 674
6.2 971 675

Label: n
Points: 25
0 891 694
0.1 892 694
0.2 893 695
0.3 893 693
0.4 893 690
0.5 891 683
0.6 889 679
0.7 888 676
0.8 886 673
0.9 886 671
1.0 888 673
1.1 891 674
1.2 894 677
1.3 898 681
1.4 903 685
1.5 908 689
1.6 911 690
1.7 914 689
1.8 916 687
1.9 917 684
2.0 917 680
2.1 917 676
2.2 917 671
2.3 918 669
2.4 920 668

Label: s
Points: 17
0 1669 683
0.1 1668 682
0.2 1667 682
0.3 1664 681
0.4 1659 678
0.5 1650 674
0.6 1650 673
0.7 1651 671
0.8 1653 671
0.9 1656 670
1.0 1658 668
1.1 1660 666
1.2 1659 664
1.3 1658 661
1.4 1656 659
1.5 1653 658
1.6 1650 658

Label: 3
Points: 28
0 344 716
0.1 345 716
0.2 346 717
0.3 348 718
0.4 350 720
0.5 357 722
0.6 360 723
0.7 363 723
0.8 366 721
0.9 366 720
1.0 365 716
1.1 363 712
1.2 360 709
1.3 358 707
1.4 357 706
1.5 358 705
1.6 360 705
1.7 362 704
1.8 363 703
1.9 365 699
2.0 365 696
2.1 365 692
2.2 363 689
2.3 361 687
2.4 359 684
2.5 356 683
2.6 353 682
2.7 349 682

Label: u
Points: 27
0 229 687
0.1 229 689
0.2 229 690
0.3 229 688
0.4 229 686
0.5 225 677
0.6 224 673
0.7 222 668
0.8 221 662
0.9 221 659
1.0 222 659
1.1 224 659
1.2 228 662
1.3 232 665
1.4 237 669
1.5 241 674
1.6 244 679
1.7 246 682
1.8 246 684
1.9 245 682
2.0 245 680
2.1 243 676
2.2 241 670
2.3 240 664
2.4 238 658
2.5 239 654
2.6 240 653

Label: n
Points: 23
0 1122 696
0.1 1122 698
0.2 1122 699
0.3 1122 698
0.4 1122 696
0.5 1122 689
0.6 1121 686
0.7 1120 682
0.8 1119 679
0.9 1118 674
1.0 1119 671
1.1 1120 671
1.2 1122 672
1.3 1125 673
1.4 1128 675
1.5 1131 675
1.6 1133 674
1.7 1134 671
1.8 1136 670
1.9 1138 667
2.0 1140 665
2.1 1143 664
2.2 1147 664

Label: r
Points: 22
0 645 694
0.1 645 693
0.2 645 690
0.3 644 688
0.4 643 685
0.5 636 671
0.6 634 667
0.7 633 663
0.8 635 662
0.9 636 663
1.0 638 665
1.1 641 668
1.2 643 671
1.3 644 674
1.4 645 678
1.5 646 679
1.6 649 681
1.7 652 682
1.8 657 683
1.9 661 684
2.0 665 684
2.1 668 683

Label: ;
Points: 5
0 1409 706
0.1 1411 706
0.2 1412 704
0.3 1412 703
0.4 1412 701

Label: n
Points: 20
0 444 701
0.1 444 702
0.2 445 701
0.3 445 698
0.4 445 696
0.5 442 684
0.6 441 680
0.7 440 676
0.8 441 674
0.9 442 676
1.0 444 677
1.1 447 678
1.2 450 679
1.3 452 678
1.4 454 676
1.5 455 674
1.6 456 671
1.7 458 668
1.8 460 667
1.9 462 667

Label: d
Points: 37
0 367 682
0.1 367 684
0.2 368 685
0.3 368 686
0.4 368 687
0.5 359 686
0.6 355 683
0.7 351 679
0.8 346 673
0.9 342 667
1.0 340 662
1.1 341 659
1.2 343 657
1.3 348 659
1.4 352 660
1.5 358 663
1.6 364 667
1.7 370 672
1.8 374 678
1.9 377 685
2.0 379 693
2.1 380 702
2.2 381 711
2.3 383 718
2.4 384 725
2.5 385 730
2.6 387 732
2.7 388 731
2.8 388 728
2.9 387 721
3.0 385 713
3.1 382 702
3.2 379 691
3.3 376 682
3.4 373 674
3.5 373 668
3.6 373 664

Label: c
Points: 18
0 227 687
0.1 229 687
0.2 227 687
0.3 226 687
0.4 225 687
0.5 220 687
0.6 218 685
0.7 215 684
0.8 210 681
0.9 204 677
1.0 199 673
1.1 195 668
1.2 194 665
1.3 195 662
1.4 196 661
1.5 200 660
1.6 205 659
1.7 212 659

Label: 2
Points: 42
0 242 702
0.1 242 700
0.2 242 698
0.3 242 695
0.4 241 693
0.5 236 690
0.6 234 690
0.7 234 692
0.8 233 693
0.9 234 696
1.0 234 701
1.1 235 706
1.2 237 711
1.3 238 716
1.4 240 719
1.5 242 721
1.6 244 723
1.7 246 723
1.8 249 723
1.9 251 721
2.0 251 717
2.1 249 710
2.2 247 701
2.3 243 690
2.4 239 681
2.5 234 672
2.6 229 665
2.7 226 661
2.8 224 660
2.9 224 660
3.0 224 662
3.1 224 664
3.2 225 664
3.3 227 663
3.4 229 662
3.5 233 662
3.6 237 662
3.7 240 661
3.8 244 660
3.9 248 660
4.0 251 660
4.1 255 661

Label: w
Points: 36
0 1420 696
0.1 1420 697
0.2 1420 698
0.3 1420 699
0.4 1420 701
0.5 1423 703
0.6 1424 701
0.7 1423 698
0.8 1422 693
0.9 1420 689
1.0 1419 684
1.1 1417 680
1.2 1417 676
1.3 1417 674
1.4 1419 673
1.5 1420 674
1.6 1423 676
1.7 1426 678
1.8 1429 681
1.9 1429 681
2.0 1428 680
2.1 1428 678
2.2 1428 676
2.3 1428 673
2.4 1430 670
2.5 1431 670
2.6 1434 671
2.7 1439 674
2.8 1444 680
2.9 1448 687
3.0 1451 693
3.1 1453 698
3.2 1455 702
3.3 1458 705
3.4 1462 707
3.5 1465 707

Label: n
Points: 25
0 1452 696
0.1 1453 696
0.2 1453 695
0.3 1453 694
0.4 1453 692
0.5 1448 681
0.6 1446 676
0.7 1443 671
0.8 1440 667
0.9 1441 666
1.0 1443 667
1.1 1446 668
1.2 1450 671
1.3 1453 673
1.4 1456 676
1.5 1458 676
1.6 1458 674
1.7 1458 673
1.8 1457 670
1.9 1456 666
2.0 1456 662
2.1 1457 658
2.2 1458 656
2.3 1461 654
2.4 1464 654

Label: b
Points: 43
0 177 681
0.1 177 679
0.2 176 678
0.3 175 676
0.4 175 674
0.5 180 681
0.6 183 684
0.7 187 689
0.8 192 694
0.9 196 700
1.0 201 708
1.1 204 715
1.2 206 721
1.3 207 728
1.4 207 732
1.5 207 734
1.6 207 732
1.7 206 728
1.8 204 721
1.9 199 711
2.0 194 698
2.1 187 686
2.2 181 676
2.3 177 668
2.4 176 662
2.5 177 659
2.6 179 659
2.7 182 660
2.8 187 662
2.9 191 664
3.0 193 665
3.1 195 668
3.2 195 670
3.3 195 673
3.4 195 676
3.5 195 679
3.6 195 681
3.7 196 682
3.8 198 682
3.9 200 681
4.0 201 679
4.1 204 679
4.2 207 678

Label: e
Points: 31
0 1090 684
0.1 1089 682
0.2 1089 679
0.3 1088 677
0.4 1087 676
0.5 1086 670
0.6 1088 669
0.7 1091 670
0.8 1094 672
0.9 1098 674
1.0 1101 678
1.1 1103 682
1.2 1105 685
1.3 1105 690
1.4 1104 692
1.5 1101 692
1.6 1097 691
1.7 1092 689
1.8 1086 685
1.9 1083 680
2.0 1080 674
2.1 1080 669
2.2 1081 665
2.3 1081 662
2.4 1083 659
2.5 1085 658
2.6 1089 657
2.7 1093 657
2.8 1097 657
2.9 1102 658
3.0 1106 659

Label: +
Points: 8
0 388 703
0.1 389 703
0.2 391 703
0.3 394 703
0.4 396 703
0.5 405 703
0.6 407 703
0.7 410 703

Label: a
Points: 32
0 429 687
0.1 429 688
0.2 429 689
0.3 427 689
0.4 426 689
0.5 421 685
0.6 419 683
0.7 416 679
0.8 412 673
0.9 409 668
1.0 407 663
1.1 408 660
1.2 409 659
1.3 412 660
1.4 416 662
1.5 421 665
1.6 426 669
1.7 430 674
1.8 433 680
1.9 435 685
2.0 435 690
2.1 435 691
2.2 434 690
2.3 434 687
2.4 434 682
2.5 433 677
2.6 432 670
2.7 432 664
2.8 433 659
2.9 434 655
3.0 437 653
3.1 440 653

Label: )
Points: 17
0 477 767
0.1 478 768
0.2 479 768
0.3 480 769
0.4 482 769
0.5 487 765
0.6 488 760
0.7 489 753
0.8 489 744
0.9 488 732
1.0 486 720
1.1 482 707
1.2 477 695
1.3 472 686
1.4 466 679
1.5 462 673
1.6 458 668

Label: g
Points: 45
0 1152 681
0.1 1152 682
0.2 1153 682
0.3 1154 684
0.4 1154 685
0.5 1150 686
0.6 1147 684
0.7 1144 681
0.8 1141 677
0.9 1138 672
1.0 1135 667
1.1 1136 664
1.2 1136 661
1.3 1139 661
1.4 1142 662
1.5 1145 662
1.6 1150 664
1.7 1153 667
1.8 1156 670
1.9 1158 674
2.0 1159 677
2.1 1159 681
2.2 1158 682
2.3 1158 681
2.4 1158 679
2.5 1159 676
2.6 1159 671
2.7 1159 665
2.8 1159 657
2.9 1158 650
3.0 1156 643
3.1 1154 636
3.2 1151 630
3.3 1148 625
3.4 1145 621
3.5 1141 618
3.6 1138 617
3.7 1134 617
3.8 1131 618
3.9 1129 620
4.0 1128 624
4.1 1129 630
4.2 1131 637
4.3 1134 643
4.4 1140 649

Label: r
Points: 20
0 229 691
0.1 229 689
0.2 229 687
0.3 228 684
0.4 227 680
0.5 223 665
0.6 221 661
0.7 220 658
0.8 220 657
0.9 221 659
1.0 223 660
1.1 224 663
1.2 226 665
1.3 227 668
1.4 229 671
1.5 232 673
1.6 236 674
1.7 240 675
1.8 245 675
1.9 249 675

Label: g
Points: 44
0 457 678
0.1 457 680
0.2 457 682
0.3 455 682
0.4 454 680
0.5 447 667
0.6 445 664
0.7 444 660
0.8 443 657
0.9 444 654
1.0 447 655
1.1 449 656
1.2 452 659
1.3 455 662
1.4 456 666
1.5 456 670
1.6 456 674
1.7 456 676
1.8 455 675
1.9 455 673
2.0 455 671
2.1 454 667
2.2 454 663
2.3 454 658
2.4 454 653
2.5 453 646
2.6 452 637
2.7 451 629
2.8 449 620
2.9 448 614
3.0 446 609
3.1 445 605
3.2 444 603
3.3 443 603
3.4 441 605
3.5 440 607
3.6 440 611
3.7 439 616
3.8 439 621
3.9 440 626
4.0 442 631
4.1 446 636
4.2 451 640
4.3 457 643

Label: 2
Points: 41
0 177 709
0.1 176 707
0.2 174 705
0.3 173 703
0.4 172 700
0.5 168 693
0.6 167 693
0.7 166 695
0.8 165 696
0.9 165 699
1.0 165 704
1.1 165 709
1.2 167 713
1.3 168 717
1.4 171 721
1.5 174 723
1.6 177 725
1.7 181 725
1.8 183 724
1.9 183 720
2.0 182 713
2.1 179 704
2.2 173 692
2.3 167 682
2.4 159 673
2.5 153 665
2.6 149 661
2.7 148 660
2.8 147 662
2.9 148 664
3.0 149 666
3.1 151 668
3.2 154 669
3.3 156 668
3.4 159 667
3.5 160 665
3.6 163 664
3.7 165 662
3.8 169 661
3.9 173 661
4.0 176 662

Label: o
Points: 25
0 1372 689
0.1 1372 690
0.2 1371 691
0.3 1370 691
0.4 1369 690
0.5 1361 683
0.6 1358 679
0.7 1355 675
0.8 1353 671
0.9 1354 667
1.0 1356 665
1.1 1359 665
1.2 1364 665
1.3 1369 667
1.4 1375 669
1.5 1380 672
1.6 1383 675
1.7 1383 679
1.8 1381 682
1.9 1380 684
2.0 1376 686
2.1 1372 687
2.2 1367 687
2.3 1365 687
2.4 1366 686

Label: f
Points: 51
0 411 669
0.1 410 668
0.2 412 668
0.3 415 670
0.4 417 671
0.5 424 680
0.6 426 684
0.7 428 689
0.8 430 695
0.9 433 702
1.0 435 710
1.1 438 718
1.2 440 727
1.3 442 734
1.4 443 740
1.5 442 742
1.6 440 740
1.7 437 735
1.8 433 729
1.9 429 720
2.0 425 709
2.1 421 698
2.2 417 686
2.3 413 673
2.4 409 660
2.5 403 645
2.6 397 632
2.7 391 620
2.8 387 610
2.9 385 604
3.0 386 599
3.1 387 597
3.2 390 599
3.3 393 601
3.4 397 606
3.5 401 612
3.6 405 620
3.7 407 630
3.8 408 639
3.9 409 646
4.0 409 651
4.1 409 656
4.2 410 659
4.3 411 662
4.4 413 664
4.5 416 665
4.6 418 665
4.7 421 664
4.8 423 662
4.9 425 662
5.0 428 660

Label: b
Points: 45
0 142 672
0.1 144 674
0.2 146 676
0.3 147 678
0.4 149 680
0.5 157 688
0.6 158 690
0.7 159 695
0.8 159 700
0.9 159 706
1.0 159 712
1.1 159 717
1.2 160 721
1.3 160 723
1.4 160 722
1.5 159 718
1.6 157 712
1.7 154 704
1.8 151 694
1.9 148 684
2.0 145 677
2.1 145 671
2.2 145 666
2.3 146 663
2.4 149 662
2.5 152 662
2.6 157 664
2.7 163 666
2.8 167 668
2.9 169 670
3.0 169 673
3.1 168 674
3.2 167 676
3.3 165 678
3.4 162 679
3.5 160 680
3.6 160 681
3.7 160 682
3.8 162 683
3.9 163 684
4.0 165 684
4.1 169 685
4.2 173 687
4.3 177 688
4.4 182 689

Label: %
Points: 34
0 716 737
0.1 716 738
0.2 714 738
0.3 713 738
0.4 711 738
0.5 705 732
0.6 702 726
0.7 697 718
0.8 691 709
0.9 684 699
1.0 677 692
1.1 671 685
1.2 665 679
1.3 668 728
1.4 666 726
1.5 665 725
1.6 663 723
1.7 662 720
1.8 660 716
1.9 660 715
2.0 662 713
2.1 665 713
2.2 668 714
2.3 672 715
2.4 676 717
2.5 679 718
2.6 680 721
2.7 680 724
2.8 679 726
2.9 675 728
3.0 672 729
3.1 669 728
3.2 668 727
3.3 669 724

Label: l
Points: 26
0 1021 685
0.1 1024 688
0.2 1026 689
0.3 1027 689
0.4 1028 689
0.5 1033 695
0.6 1035 698
0.7 1037 701
0.8 1039 706
0.9 1041 713
1.0 1042 720
1.1 1044 728
1.2 1045 735
1.3 1046 741
1.4 1045 742
1.5 1045 739
1.6 1044 734
1.7 1041 727
1.8 1037 717
1.9 1033 706
2.0 1030 696
2.1 1027 687
2.2 1025 681
2.3 1024 674
2.4 1024 670
2.5 1025 665

Label: o
Points: 24
0 1016 687
0.1 1017 689
0.2 1019 689
0.3 1019 691
0.4 1019 689
0.5 1014 681
0.6 1013 679
0.7 1011 676
0.8 1011 674
0.9 1013 672
1.0 1014 670
1.1 1017 670
1.2 1022 671
1.3 1027 671
1.4 1033 673
1.5 1038 676
1.6 1041 679
1.7 1043 683
1.8 1042 687
1.9 1041 690
2.0 1037 692
2.1 1032 693
2.2 1027 693
2.3 1022 693

Label: o
Points: 21
0 986 676
0.1 985 676
0.2 983 676
0.3 983 674
0.4 982 673
0.5 982 668
0.6 984 668
0.7 987 668
0.8 991 668
0.9 995 669
1.0 999 670
1.1 1001 671
1.2 1003 673
1.3 1004 676
1.4 1005 679
1.5 1005 682
1.6 1004 685
1.7 1003 685
1.8 1000 685
1.9 997 684
2.0 992 682

Label: d
Points: 36
0 251 683
0.1 252 684
0.2 254 685
0.3 255 685
0.4 255 687
0.5 250 687
0.6 248 685
0.7 245 683
0.8 240 678
0.9 235 673
1.0 231 667
1.1 228 662
1.2 229 658
1.3 231 656
1.4 234 656
1.5 238 657
1.6 244 659
1.7 250 662
1.8 256 667
1.9 260 673
2.0 263 681
2.1 265 690
2.2 266 701
2.3 267 712
2.4 268 722
2.5 268 730
2.6 270 734
2.7 271 732
2.8 271 727
2.9 271 719
3.0 270 709
3.1 268 698
3.2 266 688
3.3 265 681
3.4 264 675
3.5 264 670

Label: m
Points: 37
0 552 692
0.1 552 693
0.2 552 694
0.3 552 695
0.4 552 696
0.5 554 692
0.6 553 688
0.7 552 684
0.8 551 678
0.9 550 674
1.0 549 672
1.1 550 672
1.2 551 674
1.3 552 676
1.4 555 680
1.5 558 684
1.6 562 687
1.7 563 689
1.8 565 687
1.9 565 685
2.0 564 682
2.1 564 677
2.2 563 672
2.3 564 670
2.4 565 670
2.5 567 671
2.6 569 673
2.7 572 677
2.8 576 681
2.9 578 684
3.0 580 685
3.1 581 684
3.2 582 682
3.3 582 680
3.4 583 676
3.5 583 673
3.6 585 670

Label: k
Points: 14
0 771 724
0.1 771 727
0.2 772 729
0.3 774 730
0.4 774 731
0.5 777 731
0.6 777 729
0.7 777 724
0.8 775 717
0.9 771 706
1.0 766 695
1.1 759 684
1.2 753 676
1.3 748 670

Label: J
Points: 9
0 675 721
0.1 677 723
0.2 679 724
0.3 680 724
0.4 683 726
0.5 691 730
0.6 693 730
0.7 694 729
0.8 696 729

Label: h
Points: 38
0 655 674
0.1 656 675
0.2 658 676
0.3 660 678
0.4 663 679
0.5 669 685
0.6 670 689
0.7 672 692
0.8 673 696
0.9 675 703
1.0 677 709
1.1 680 716
1.2 682 723
1.3 683 725
1.4 683 723
1.5 683 718
1.6 681 710
1.7 677 701
1.8 673 692
1.9 668 684
2.0 663 678
2.1 661 673
2.2 661 672
2.3 662 674
2.4 663 676
2.5 665 679
2.6 667 683
2.7 669 686
2.8 672 688
2.9 674 687
3.0 676 685
3.1 677 682
3.2 678 678
3.3 679 673
3.4 680 668
3.5 682 665
3.6 684 664
3.7 687 664

Label: K
Points: 14
0 715 735
0.1 716 737
0.2 717 737
0.3 717 739
0.4 718 741
0.5 719 737
0.6 719 731
0.7 718 721
0.8 713 709
0.9 708 695
1.0 702 683
1.1 695 673
1.2 691 667
1.3 690 660

Label: i
Points: 16
0 1075 664
0.1 1076 665
0.2 1077 667
0.3 1079 668
0.4 1081 669
0.5 1088 674
0.6 1091 676
0.7 1094 679
0.8 1097 682
0.9 1099 682
1.0 1098 681
1.1 1097 679
1.2 1095 674
1.3 1094 670
1.4 1094 665
1.5 1093 660

Label: t
Points: 25
0 1677 668
0.1 1678 670
0.2 1678 671
0.3 1680 672
0.4 1682 674
0.5 1688 680
0.6 1690 682
0.7 1692 684
0.8 1695 686
0.9 1697 690
1.0 1700 696
1.1 1703 703
1.2 1707 710
1.3 1711 717
1.4 1714 723
1.5 1716 723
1.6 1715 720
1.7 1712 713
1.8 1707 706
1.9 1702 696
2.0 1696 685
2.1 1690 677
2.2 1686 670
2.3 1682 664
2.4 1682 661

Label: i
Points: 19
0 1213 667
0.1 1213 666
0.2 1212 664
0.3 1211 662
0.4 1210 662
0.5 1218 665
0.6 1221 667
0.7 1224 669
0.8 1228 673
0.9 1230 677
1.0 1230 680
1.1 1229 679
1.2 1227 676
1.3 1225 673
1.4 1224 668
1.5 1223 663
1.6 1223 659
1.7 1223 656
1.8 1225 656

Label: m
Points: 39
0 1323 699
0.1 1323 698
0.2 1323 696
0.3 1323 695
0.4 1323 693
0.5 1321 685
0.6 1318 681
0.7 1316 676
0.8 1312 671
0.9 1311 667
1.0 1311 664
1.1 1312 664
1.2 1316 665
1.3 1318 668
1.4 1322 671
1.5 1325 675
1.6 1327 679
1.7 1328 681
1.8 1327 679
1.9 1326 677
2.0 1325 673
2.1 1324 670
2.2 1325 667
2.3 1326 667
2.4 1328 668
2.5 1331 671
2.6 1334 674
2.7 1339 678
2.8 1342 681
2.9 1345 684
3.0 1346 683
3.1 1346 681
3.2 1346 679
3.3 1346 675
3.4 1346 672
3.5 1346 668
3.6 1347 667
3.7 1349 665
3.8 1351 664

Label: g
Points: 41
0 1074 686
0.1 1072 684
0.2 1069 682
0.3 1068 681
0.4 1066 678
0.5 1058 666
0.6 1059 663
0.7 1060 661
0.8 1063 660
0.9 1067 660
1.0 1073 662
1.1 1080 664
1.2 1087 667
1.3 1091 672
1.4 1094 677
1.5 1095 682
1.6 1094 685
1.7 1092 687
1.8 1089 687
1.9 1085 685
2.0 1082 682
2.1 1081 678
2.2 1081 672
2.3 1083 667
2.4 1086 662
2.5 1089 656
2.6 1092 650
2.7 1095 643
2.8 1096 636
2.9 1095 629
3.0 1094 624
3.1 1091 619
3.2 1088 615
3.3 1083 612
3.4 1078 611
3.5 1075 612
3.6 1071 614
3.7 1069 617
3.8 1068 621
3.9 1069 626
4.0 1070 632

Label: f
Points: 48
0 909 678
0.1 909 677
0.2 911 677
0.3 914 677
0.4 915 678
0.5 924 685
0.6 926 689
0.7 929 694
0.8 932 700
0.9 934 708
1.0 936 716
1.1 936 724
1.2 937 733
1.3 938 740
1.4 939 746
1.5 941 749
1.6 942 748
1.7 941 745
1.8 940 738
1.9 936 729
2.0 930 715
2.1 922 701
2.2 913 688
2.3 906 676
2.4 900 667
2.5 896 659
2.6 894 652
2.7 895 646
2.8 896 643
2.9 897 640
3.0 900 639
3.1 902 640
3.2 905 641
3.3 908 645
3.4 911 650
3.5 914 658
3.6 918 667
3.7 921 674
3.8 922 682
3.9 924 687
4.0 924 690
4.1 925 689
4.2 925 688
4.3 925 685
4.4 926 684
4.5 928 682
4.6 931 681
4.7 934 681

Label: m
Points: 37
0 779 694
0.1 780 695
0.2 780 696
0.3 780 698
0.4 782 698
0.5 781 692
0.6 780 689
0.7 780 685
0.8 779 681
0.9 779 676
1.0 779 674
1.1 781 675
1.2 783 678
1.3 786 681
1.4 790 684
1.5 793 687
1.6 794 687
1.7 794 685
1.8 794 683
1.9 794 680
2.0 794 678
2.1 796 678
2.2 798 679
2.3 802 681
2.4 807 683
2.5 811 686
2.6 814 689
2.7 816 690
2.8 818 689
2.9 819 688
3.0 820 685
3.1 821 681
3.2 821 678
3.3 821 674
3.4 822 671
3.5 824 670
3.6 827 671

Label: s
Points: 21
0 1381 698
0.1 1382 699
0.2 1383 701
0.3 1382 699
0.4 1381 698
0.5 1373 695
0.6 1370 693
0.7 1366 691
0.8 1362 689
0.9 1361 687
1.0 1362 685
1.1 1366 684
1.2 1369 683
1.3 1372 681
1.4 1373 679
1.5 1373 675
1.6 1370 672
1.7 1367 668
1.8 1364 667
1.9 1359 665
2.0 1357 665

Label: o
Points: 23
0 964 684
0.1 962 682
0.2 960 679
0.3 958 678
0.4 956 676
0.5 953 667
0.6 954 665
0.7 956 664
0.8 960 665
0.9 964 665
1.0 970 667
1.1 976 670
1.2 981 674
1.3 984 678
1.4 985 682
1.5 983 685
1.6 980 687
1.7 975 688
1.8 970 689
1.9 964 689
2.0 961 687
2.1 961 686
2.2 963 685

Label: j
Points: 28
0 656 662
0.1 656 660
0.2 656 662
0.3 657 664
0.4 658 665
0.5 663 672
0.6 664 674
0.7 666 678
0.8 668 682
0.9 670 685
1.0 671 686
1.1 671 685
1.2 671 681
1.3 670 676
1.4 669 668
1.5 668 660
1.6 667 652
1.7 666 645
1.8 666 638
1.9 666 632
2.0 665 627
2.1 663 622
2.2 660 618
2.3 657 617
2.4 652 617
2.5 649 618
2.6 645 621
2.7 643 624

Label: x
Points: 10
0 1503 704
0.1 1503 706
0.2 1503 707
0.3 1503 705
0.4 1501 703
0.5 1492 690
0.6 1487 685
0.7 1483 679
0.8 1478 674
0.9 1473 668

Label: h
Points: 40
0 472 667
0.1 473 668
0.2 474 670
0.3 476 673
0.4 477 674
0.5 485 681
0.6 488 685
0.7 490 690
0.8 493 696
0.9 495 704
1.0 496 710
1.1 498 715
1.2 499 718
1.3 499 718
1.4 500 716
1.5 499 712
1.6 498 706
1.7 496 699
1.8 491 689
1.9 487 681
2.0 482 673
2.1 478 669
2.2 477 668
2.3 479 668
2.4 481 670
2.5 483 671
2.6 487 673
2.7 490 676
2.8 492 678
2.9 494 677
3.0 496 675
3.1 498 671
3.2 499 667
3.3 502 662
3.4 505 658
3.5 508 657
3.6 512 656
3.7 515 656
3.8 519 657
3.9 523 658

Label: s
Points: 24
0 1249 694
0.1 1249 695
0.2 1249 696
0.3 1249 695
0.4 1247 693
0.5 1238 687
0.6 1234 685
0.7 1231 684
0.8 1232 682
0.9 1234 682
1.0 1238 681
1.1 1242 681
1.2 1247 680
1.3 1251 679
1.4 1253 676
1.5 1252 674
1.6 1250 671
1.7 1248 670
1.8 1245 668
1.9 1240 668
2.0 1235 668
2.1 1231 668
2.2 1228 668
2.3 1230 669

Label: =
Points: 9
0 761 702
0.1 763 701
0.2 765 701
0.3 768 701
0.4 770 701
0.5 782 703
0.6 785 704
0.7 789 705
0.8 791 706

Label: 1
Points: 10
0 552 725
0.1 552 723
0.2 552 721
0.3 552 718
0.4 552 716
0.5 546 693
0.6 543 687
0.7 541 681
0.8 538 674
0.9 536 668

Label: i
Points: 18
0 628 664
0.1 628 665
0.2 628 667
0.3 628 669
0.4 629 670
0.5 632 675
0.6 633 677
0.7 634 679
0.8 636 682
0.9 637 682
1.0 638 681
1.1 637 678
1.2 636 674
1.3 635 670
1.4 634 665
1.5 634 661
1.6 635 659
1.7 636 659

Label: f
Points: 50
0 1566 670
0.1 1567 670
0.2 1570 670
0.3 1572 671
0.4 1575 674
0.5 1587 681
0.6 1592 683
0.7 1597 686
0.8 1601 689
0.9 1606 694
1.0 1609 700
1.1 1612 707
1.2 1614 714
1.3 1615 721
1.4 1616 726
1.5 1615 727
1.6 1615 725
1.7 1612 720
1.8 1607 712
1.9 1600 703
2.0 1590 690
2.1 1580 677
2.2 1570 664
2.3 1562 652
2.4 1554 642
2.5 1550 632
2.6 1547 625
2.7 1545 618
2.8 1547 614
2.9 1548 610
3.0 1551 610
3.1 1555 610
3.2 1560 613
3.3 1565 617
3.4 1569 622
3.5 1573 629
3.6 1575 637
3.7 1576 644
3.8 1576 650
3.9 1575 656
4.0 1575 660
4.1 1576 664
4.2 1579 665
4.3 1583 667
4.4 1588 667
4.5 1593 666
4.6 1598 665
4.7 1601 663
4.8 1603 661
4.9 1604 660

Label: 3
Points: 37
0 746 729
0.1 746 731
0.2 747 732
0.3 748 734
0.4 749 735
0.5 756 737
0.6 759 737
0.7 762 737
0.8 765 737
0.9 768 736
1.0 768 734
1.1 767 731
1.2 765 727
1.3 761 722
1.4 757 717
1.5 752 712
1.6 746 709
1.7 744 707
1.8 744 707
1.9 746 708
2.0 749 709
2.1 752 709
2.2 756 710
2.3 760 709
2.4 762 707
2.5 763 704
2.6 763 698
2.7 761 692
2.8 759 685
2.9 757 680
3.0 754 676
3.1 752 674
3.2 749 673
3.3 746 674
3.4 741 674
3.5 736 676
3.6 733 678

Label: n
Points: 21
0 776 691
0.1 777 692
0.2 779 692
0.3 780 692
0.4 780 690
0.5 779 680
0.6 777 675
0.7 775 670
0.8 772 666
0.9 772 664
1.0 774 665
1.1 776 667
1.2 779 669
1.3 782 671
1.4 785 671
1.5 786 670
1.6 787 667
1.7 788 665
1.8 788 662
1.9 789 660
2.0 793 661

Label: .
Points: 5
0 977 677
0.1 975 677
0.2 974 678
0.3 975 678
0.4 977 679

Label: 1
Points: 24
0 124 688
0.1 123 687
0.2 125 689
0.3 126 692
0.4 129 694
0.5 134 702
0.6 136 705
0.7 138 709
0.8 139 713
0.9 140 717
1.0 141 722
1.1 142 726
1.2 142 728
1.3 143 727
1.4 143 726
1.5 143 723
1.6 143 718
1.7 142 711
1.8 141 702
1.9 139 692
2.0 136 684
2.1 134 677
2.2 132 671
2.3 132 666

Label: h
Points: 36
0 610 674
0.1 611 676
0.2 614 679
0.3 616 682
0.4 619 684
0.5 626 693
0.6 628 695
0.7 629 699
0.8 631 703
0.9 632 709
1.0 633 713
1.1 633 718
1.2 635 720
1.3 635 720
1.4 635 717
1.5 634 712
1.6 632 704
1.7 628 695
1.8 622 685
1.9 616 676
2.0 611 669
2.1 611 667
2.2 612 668
2.3 615 671
2.4 618 673
2.5 620 677
2.6 622 680
2.7 623 680
2.8 624 678
2.9 624 676
3.0 624 673
3.1 624 670
3.2 625 667
3.3 627 666
3.4 631 665
3.5 635 665

Label: e
Points: 28
0 499 676
0.1 498 674
0.2 498 673
0.3 498 672
0.4 496 670
0.5 499 670
0.6 502 671
0.7 504 673
0.8 507 674
0.9 511 677
1.0 514 680
1.1 514 684
1.2 513 686
1.3 510 687
1.4 507 686
1.5 503 685
1.6 498 683
1.7 495 680
1.8 493 676
1.9 491 670
2.0 491 665
2.1 491 660
2.2 493 657
2.3 496 656
2.4 500 655
2.5 505 656
2.6 512 656
2.7 518 658

Label: t
Points: 22
0 391 670
0.1 393 670
0.2 396 671
0.3 399 673
0.4 401 676
0.5 407 684
0.6 409 687
0.7 410 691
0.8 412 697
0.9 415 704
1.0 417 713
1.1 419 720
1.2 421 726
1.3 422 727
1.4 421 724
1.5 421 717
1.6 419 708
1.7 416 697
1.8 412 685
1.9 408 676
2.0 405 669
2.1 402 664

Label: E
Points: 27
0 410 728
0.1 407 726
0.2 405 723
0.3 402 721
0.4 400 718
0.5 392 710
0.6 389 709
0.7 387 708
0.8 384 707
0.9 382 706
1.0 379 703
1.1 377 697
1.2 373 690
1.3 369 684
1.4 365 678
1.5 363 673
1.6 361 669
1.7 360 666
1.8 359 664
1.9 359 664
2.0 360 664
2.1 362 664
2.2 365 664
2.3 368 665
2.4 373 665
2.5 377 667
2.6 382 667

Label: t
Points: 20
0 345 681
0.1 345 679
0.2 345 678
0.3 347 678
0.4 348 679
0.5 352 687
0.6 355 690
0.7 357 695
0.8 360 700
0.9 363 706
1.0 365 712
1.1 366 717
1.2 366 720
1.3 366 717
1.4 364 712
1.5 362 706
1.6 359 698
1.7 355 688
1.8 353 679
1.9 352 672

Label: D
Points: 48
0 163 724
0.1 163 726
0.2 163 727
0.3 163 726
0.4 163 724
0.5 163 710
0.6 162 704
0.7 159 696
0.8 157 688
0.9 154 680
1.0 152 674
1.1 152 671
1.2 152 672
1.3 154 674
1.4 155 677
1.5 156 680
1.6 157 685
1.7 157 692
1.8 158 699
1.9 158 707
2.0 159 713
2.1 160 718
2.2 162 723
2.3 166 728
2.4 170 733
2.5 175 737
2.6 179 740
2.7 182 740
2.8 185 740
2.9 187 737
3.0 188 732
3.1 190 724
3.2 191 717
3.3 192 710
3.4 193 703
3.5 193 698
3.6 193 692
3.7 193 687
3.8 191 682
3.9 187 678
4.0 181 673
4.1 173 668
4.2 165 664
4.3 155 660
4.4 147 658
4.5 140 659
4.6 135 661
4.7 133 665

Label: T
Points: 11
0 1337 726
0.1 1336 726
0.2 1334 725
0.3 1336 724
0.4 1339 724
0.5 1355 725
0.6 1360 726
0.7 1366 728
0.8 1372 729
0.9 1378 731
1.0 1383 733

Label: h
Points: 39
0 1223 671
0.1 1225 671
0.2 1227 673
0.3 1228 674
0.4 1231 676
0.5 1239 684
0.6 1241 687
0.7 1245 692
0.8 1249 698
0.9 1253 704
1.0 1256 710
1.1 1258 716
1.2 1259 722
1.3 1259 728
1.4 1259 731
1.5 1260 731
1.6 1261 730
1.7 1260 726
1.8 1259 720
1.9 1256 711
2.0 1252 702
2.1 1247 693
2.2 1242 685
2.3 1238 679
2.4 1235 674
2.5 1236 673
2.6 1237 674
2.7 1239 676
2.8 1242 679
2.9 1245 680
3.0 1247 679
3.1 1249 677
3.2 1250 674
3.3 1250 671
3.4 1251 667
3.5 1252 664
3.6 1254 662
3.7 1256 662
3.8 1260 664

Label: e
Points: 28
0 1376 681
0.1 1375 680
0.2 1375 679
0.3 1375 677
0.4 1374 675
0.5 1375 670
0.6 1376 670
0.7 1380 670
0.8 1383 672
0.9 1388 675
1.0 1392 678
1.1 1397 682
1.2 1398 686
1.3 1398 689
1.4 1396 690
1.5 1392 690
1.6 1387 688
1.7 1381 685
1.8 1375 682
1.9 1371 677
2.0 1369 671
2.1 1370 667
2.2 1373 662
2.3 1376 660
2.4 1381 659
2.5 1387 659
2.6 1393 658
2.7 1398 658

Label: u
Points: 30
0 213 690
0.1 213 691
0.2 213 692
0.3 212 690
0.4 211 689
0.5 210 682
0.6 209 678
0.7 207 674
0.8 205 669
0.9 204 664
1.0 204 660
1.1 204 658
1.2 206 659
1.3 209 660
1.4 212 662
1.5 217 665
1.6 221 669
1.7 224 673
1.8 226 676
1.9 226 679
2.0 227 682
2.1 226 684
2.2 226 683
2.3 224 681
2.4 223 676
2.5 222 672
2.6 221 666
2.7 221 660
2.8 221 656
2.9 223 655

Label: e
Points: 25
0 302 667
0.1 301 666
0.2 301 665
0.3 303 665
0.4 305 665
0.5 312 668
0.6 315 670
0.7 318 673
0.8 321 675
0.9 323 679
1.0 324 682
1.1 323 685
1.2 321 686
1.3 318 685
1.4 313 684
1.5 309 681
1.6 304 677
1.7 300 671
1.8 298 665
1.9 298 660
2.0 299 656
2.1 301 653
2.2 304 651
2.3 309 651
2.4 315 651

Label: g
Points: 39
0 935 682
0.1 935 684
0.2 935 685
0.3 935 686
0.4 932 687
0.5 920 679
0.6 916 676
0.7 913 673
0.8 910 669
0.9 909 665
1.0 910 664
1.1 912 665
1.2 916 667
1.3 921 669
1.4 926 671
1.5 931 674
1.6 933 678
1.7 933 679
1.8 931 679
1.9 929 678
2.0 927 676
2.1 925 673
2.2 924 668
2.3 925 663
2.4 925 657
2.5 926 650
2.6 925 644
2.7 925 637
2.8 923 631
2.9 921 625
3.0 917 620
3.1 914 617
3.2 910 616
3.3 908 617
3.4 907 620
3.5 907 625
3.6 907 630
3.7 909 637
3.8 911 641

Label: 4
Points: 31
0 883 738
0.1 883 736
0.2 883 734
0.3 882 731
0.4 880 729
0.5 873 716
0.6 870 711
0.7 866 707
0.8 864 703
0.9 863 700
1.0 864 699
1.1 867 700
1.2 869 701
1.3 872 701
1.4 874 701
1.5 877 701
1.6 879 701
1.7 882 702
1.8 884 703
1.9 885 704
2.0 886 707
2.1 888 711
2.2 889 714
2.3 890 716
2.4 889 715
2.5 888 712
2.6 886 707
2.7 884 701
2.8 881 695
2.9 878 689
3.0 875 684

Label: 9
Points: 36
0 711 738
0.1 711 739
0.2 713 741
0.3 710 738
0.4 708 735
0.5 696 720
0.6 694 717
0.7 692 713
0.8 691 709
0.9 691 706
1.0 693 704
1.1 697 706
1.2 703 708
1.3 708 711
1.4 713 716
1.5 715 721
1.6 715 726
1.7 714 730
1.8 712 731
1.9 710 731
2.0 710 729
2.1 710 728
2.2 711 726
2.3 714 722
2.4 718 718
2.5 721 713
2.6 724 709
2.7 727 703
2.8 727 697
2.9 726 691
3.0 724 685
3.1 721 680
3.2 716 676
3.3 710 673
3.4 705 671
3.5 700 671

Label: M
Points: 42
0 853 662
0.1 853 661
0.2 855 661
0.3 857 662
0.4 858 664
0.5 865 671
0.6 868 675
0.7 872 680
0.8 876 687
0.9 880 694
1.0 885 701
1.1 889 709
1.2 894 715
1.3 897 720
1.4 900 724
1.5 902 726
1.6 902 724
1.7 902 721
1.8 901 716
1.9 900 709
2.0 899 702
2.1 898 695
2.2 899 691
2.3 900 691
2.4 904 693
2.5 909 695
2.6 915 699
2.7 921 704
2.8 926 711
2.9 929 717
3.0 932 722
3.1 933 725
3.2 933 723
3.3 933 718
3.4 932 711
3.5 930 701
3.6 927 689
3.7 923 678
3.8 918 668
3.9 915 662
4.0 914 657
4.1 914 654

Label: 6
Points: 27
0 919 735
0.1 921 737
0.2 922 738
0.3 920 739
0.4 918 738
0.5 910 729
0.6 904 723
0.7 897 713
0.8 891 704
0.9 883 695
1.0 878 687
1.1 875 681
1.2 875 676
1.3 876 672
1.4 879 670
1.5 883 670
1.6 889 671
1.7 896 673
1.8 901 675
1.9 905 678
2.0 905 681
2.1 904 682
2.2 902 684
2.3 899 685
2.4 896 685
2.5 896 687
2.6 898 687

Label: A
Points: 38
0 131 713
0.1 132 715
0.2 133 716
0.3 132 715
0.4 132 712
0.5 128 704
0.6 125 698
0.7 122 690
0.8 118 682
0.9 113 674
1.0 110 669
1.1 109 667
1.2 110 667
1.3 112 668
1.4 113 671
1.5 115 676
1.6 117 683
1.7 120 690
1.8 121 696
1.9 123 702
2.0 124 707
2.1 125 713
2.2 127 717
2.3 129 720
2.4 132 723
2.5 135 723
2.6 137 721
2.7 139 717
2.8 140 712
2.9 141 704
3.0 141 694
3.1 141 686
3.2 142 679
3.3 142 673
3.4 143 668
3.5 145 665
3.6 147 664
3.7 149 664

Label: z
Points: 26
0 1586 685
0.1 1588 686
0.2 1589 687
0.3 1591 687
0.4 1592 687
0.5 1600 690
0.6 1603 690
0.7 1606 690
0.8 1609 690
0.9 1611 690
1.0 1610 689
1.1 1608 686
1.2 1604 682
1.3 1600 677
1.4 1595 672
1.5 1589 667
1.6 1586 664
1.7 1586 662
1.8 1587 662
1.9 1589 662
2.0 1590 662
2.1 1593 661
2.2 1597 660
2.3 1601 660
2.4 1606 661
2.5 1610 662

Label: t
Points: 22
0 254 677
0.1 254 674
0.2 252 672
0.3 251 670
0.4 251 669
0.5 258 676
0.6 261 680
0.7 264 685
0.8 267 691
0.9 270 698
1.0 273 705
1.1 274 711
1.2 276 716
1.3 275 715
1.4 274 710
1.5 273 704
1.6 270 695
1.7 268 685
1.8 265 674
1.9 262 666
2.0 260 659
2.1 261 656

Label: F
Points: 19
0 458 728
0.1 458 726
0.2 457 724
0.3 455 721
0.4 453 719
0.5 446 713
0.6 443 711
0.7 440 709
0.8 436 706
0.9 433 705
1.0 430 704
1.1 429 703
1.2 426 698
1.3 422 691
1.4 418 682
1.5 415 674
1.6 412 668
1.7 410 664
1.8 410 662

Label: e
Points: 29
0 266 675
0.1 265 673
0.2 265 671
0.3 264 670
0.4 263 668
0.5 265 668
0.6 267 668
0.7 270 669
0.8 273 670
0.9 277 670
1.0 281 671
1.1 283 673
1.2 285 675
1.3 286 678
1.4 286 682
1.5 286 685
1.6 285 688
1.7 282 689
1.8 277 687
1.9 271 684
2.0 266 678
2.1 260 672
2.2 256 665
2.3 254 659
2.4 255 656
2.5 257 654
2.6 259 654
2.7 264 654
2.8 270 656

Label: r
Points: 20
0 466 693
0.1 466 692
0.2 465 689
0.3 463 685
0.4 462 679
0.5 457 667
0.6 457 664
0.7 456 662
0.8 456 663
0.9 457 665
1.0 458 667
1.1 460 670
1.2 462 673
1.3 463 676
1.4 465 679
1.5 466 681
1.6 469 681
1.7 473 681
1.8 477 681
1.9 482 682

Label: +
Points: 12
0 300 692
0.1 302 692
0.2 303 692
0.3 304 692
0.4 306 692
0.5 312 692
0.6 315 692
0.7 319 691
0.8 322 692
0.9 326 692
1.0 329 693
1.1 330 695

Label: z
Points: 27
0 1628 689
0.1 1629 689
0.2 1630 689
0.3 1631 689
0.4 1633 689
0.5 1639 691
0.6 1640 692
0.7 1642 692
0.8 1642 690
0.9 1641 687
1.0 1638 682
1.1 1633 676
1.2 1626 669
1.3 1619 663
1.4 1614 658
1.5 1611 656
1.6 1611 656
1.7 1612 657
1.8 1613 659
1.9 1615 660
2.0 1618 659
2.1 1621 659
2.2 1623 657
2.3 1626 656
2.4 1629 655
2.5 1633 655
2.6 1636 656

Label: u
Points: 23
0 1327 689
0.1 1325 688
0.2 1324 685
0.3 1323 684
0.4 1322 681
0.5 1319 674
0.6 1319 673
0.7 1319 671
0.8 1321 670
0.9 1323 670
1.0 1327 671
1.1 1331 672
1.2 1334 674
1.3 1338 676
1.4 1341 679
1.5 1343 683
1.6 1344 685
1.7 1344 684
1.8 1342 682
1.9 1341 678
2.0 1339 674
2.1 1337 670
2.2 1337 665

Label: c
Points: 16
0 250 686
0.1 250 687
0.2 251 689
0.3 252 689
0.4 251 689
0.5 241 687
0.6 236 684
0.7 231 679
0.8 224 674
0.9 219 668
1.0 218 664
1.1 220 662
1.2 223 660
1.3 228 660
1.4 234 660
1.5 241 660

Label: h
Points: 42
0 1302 678
0.1 1302 676
0.2 1302 674
0.3 1302 676
0.4 1303 677
0.5 1309 684
0.6 1312 687
0.7 1315 690
0.8 1318 694
0.9 1321 700
1.0 1323 707
1.1 1325 715
1.2 1327 723
1.3 1328 729
1.4 1329 735
1.5 1330 738
1.6 1331 737
1.7 1331 735
1.8 1331 730
1.9 1329 722
2.0 1325 712
2.1 1320 701
2.2 1313 690
2.3 1307 682
2.4 1302 675
2.5 1299 671
2.6 1300 670
2.7 1302 671
2.8 1305 673
2.9 1308 676
3.0 1311 679
3.1 1316 684
3.2 1318 687
3.3 1320 689
3.4 1322 689
3.5 1322 688
3.6 1323 685
3.7 1324 682
3.8 1325 679
3.9 1325 674
4.0 1326 670
4.1 1326 665

Label: l
Points: 27
0 1441 676
0.1 1442 676
0.2 1444 676
0.3 1447 676
0.4 1448 677
0.5 1464 684
0.6 1467 688
0.7 1472 692
0.8 1475 696
0.9 1480 703
1.0 1482 709
1.1 1483 716
1.2 1484 722
1.3 1484 728
1.4 1484 734
1.5 1484 738
1.6 1484 740
1.7 1484 738
1.8 1483 735
1.9 1482 729
2.0 1480 720
2.1 1476 709
2.2 1472 697
2.3 1467 687
2.4 1465 679
2.5 1464 671
2.6 1465 665

Label: n
Points: 23
0 357 692
0.1 357 694
0.2 357 692
0.3 357 690
0.4 357 687
0.5 355 674
0.6 354 671
0.7 354 668
0.8 354 667
0.9 355 668
1.0 357 670
1.1 360 672
1.2 364 676
1.3 367 678
1.4 369 677
1.5 369 675
1.6 369 673
1.7 369 670
1.8 369 665
1.9 370 660
2.0 371 657
2.1 373 654
2.2 376 654

Label: a
Points: 28
0 1182 683
0.1 1182 684
0.2 1182 685
0.3 1182 687
0.4 1183 687
0.5 1178 687
0.6 1176 685
0.7 1172 682
0.8 1169 679
0.9 1167 675
1.0 1168 673
1.1 1170 673
1.2 1173 673
1.3 1177 674
1.4 1181 676
1.5 1184 679
1.6 1187 682
1.7 1188 685
1.8 1187 687
1.9 1186 685
2.0 1185 684
2.1 1184 681
2.2 1185 677
2.3 1186 673
2.4 1188 668
2.5 1189 664
2.6 1191 662
2.7 1194 661

Label: o
Points: 21
0 956 686
0.1 955 686
0.2 952 684
0.3 950 682
0.4 948 679
0.5 942 668
0.6 942 665
0.7 942 663
0.8 943 660
0.9 945 660
1.0 948 662
1.1 952 665
1.2 956 668
1.3 959 673
1.4 960 678
1.5 959 683
1.6 958 686
1.7 955 686
1.8 952 684
1.9 950 682
2.0 950 681

Label: l
Points: 25
0 735 677
0.1 733 677
0.2 735 676
0.3 738 677
0.4 740 678
0.5 748 684
0.6 750 687
0.7 754 690
0.8 758 694
0.9 761 699
1.0 763 706
1.1 764 713
1.2 764 720
1.3 764 727
1.4 764 732
1.5 764 732
1.6 763 729
1.7 761 723
1.8 759 714
1.9 755 704
2.0 751 693
2.1 748 685
2.2 746 678
2.3 747 673
2.4 748 669

Label: a
Points: 31
0 143 685
0.1 143 687
0.2 143 688
0.3 142 688
0.4 140 688
0.5 135 684
0.6 134 681
0.7 131 678
0.8 128 673
0.9 126 669
1.0 125 665
1.1 126 662
1.2 127 661
1.3 129 662
1.4 132 663
1.5 137 665
1.6 142 667
1.7 146 670
1.8 149 673
1.9 150 676
2.0 150 679
2.1 149 682
2.2 149 682
2.3 148 681
2.4 148 678
2.5 148 674
2.6 148 670
2.7 149 665
2.8 151 662
2.9 154 660
3.0 157 660

Label: .
Points: 8
0 1493 668
0.1 1492 667
0.2 1491 666
0.3 1490 665
0.4 1488 663
0.5 1490 660
0.6 1493 659
0.7 1495 660

Label: o
Points: 24
0 1288 687
0.1 1286 685
0.2 1284 683
0.3 1281 681
0.4 1279 678
0.5 1275 667
0.6 1275 664
0.7 1276 662
0.8 1278 659
0.9 1281 659
1.0 1285 660
1.1 1291 662
1.2 1296 664
1.3 1302 667
1.4 1306 671
1.5 1308 676
1.6 1306 681
1.7 1303 685
1.8 1298 688
1.9 1292 689
2.0 1285 688
2.1 1280 687
2.2 1278 686
2.3 1279 684

Label: X
Points: 13
0 1651 718
0.1 1652 720
0.2 1653 721
0.3 1654 722
0.4 1656 723
0.5 1650 712
0.6 1646 706
0.7 1640 699
0.8 1633 691
0.9 1625 682
1.0 1619 675
1.1 1615 669
1.2 1614 665

Label: E
Points: 31
0 922 732
0.1 920 731
0.2 917 729
0.3 915 728
0.4 914 728
0.5 905 722
0.6 901 720
0.7 897 718
0.8 894 718
0.9 894 718
1.0 894 719
1.1 896 719
1.2 895 718
1.3 894 715
1.4 892 710
1.5 888 704
1.6 884 696
1.7 880 689
1.8 875 682
1.9 871 675
2.0 868 670
2.1 866 666
2.2 866 664
2.3 868 664
2.4 869 664
2.5 871 665
2.6 874 665
2.7 878 666
2.8 882 667
2.9 885 668
3.0 889 669

Label: e
Points: 28
0 686 679
0.1 685 678
0.2 684 677
0.3 682 675
0.4 680 674
0.5 683 670
0.6 686 671
0.7 691 671
0.8 694 673
0.9 699 676
1.0 703 679
1.1 706 682
1.2 707 686
1.3 707 689
1.4 705 691
1.5 701 690
1.6 696 689
1.7 690 687
1.8 683 683
1.9 679 678
2.0 676 673
2.1 677 668
2.2 678 664
2.3 681 661
2.4 685 660
2.5 690 659
2.6 696 659
2.7 700 659

Label: o
Points: 22
0 246 676
0.1 245 674
0.2 243 673
0.3 241 671
0.4 240 668
0.5 235 661
0.6 235 658
0.7 235 655
0.8 236 653
0.9 238 652
1.0 241 653
1.1 246 655
1.2 252 657
1.3 258 660
1.4 263 665
1.5 265 668
1.6 265 672
1.7 263 674
1.8 261 676
1.9 258 676
2.0 254 677
2.1 252 677

Label: b
Points: 37
0 688 683
0.1 690 683
0.2 691 684
0.3 692 687
0.4 693 689
0.5 696 695
0.6 697 698
0.7 699 703
0.8 700 708
0.9 701 714
1.0 703 721
1.1 704 725
1.2 704 728
1.3 704 727
1.4 704 724
1.5 702 719
1.6 700 711
1.7 698 701
1.8 694 692
1.9 690 682
2.0 686 674
2.1 684 668
2.2 685 663
2.3 686 661
2.4 689 662
2.5 693 664
2.6 697 667
2.7 700 669
2.8 703 672
2.9 704 674
3.0 702 676
3.1 702 678
3.2 703 679
3.3 705 681
3.4 707 682
3.5 711 683
3.6 715 682

Label: t
Points: 24
0 1227 676
0.1 1229 676
0.2 1231 678
0.3 1233 679
0.4 1235 681
0.5 1242 687
0.6 1244 689
0.7 1247 692
0.8 1250 697
0.9 1253 704
1.0 1256 713
1.1 1259 721
1.2 1261 729
1.3 1264 735
1.4 1265 737
1.5 1264 734
1.6 1263 728
1.7 1259 720
1.8 1253 710
1.9 1247 699
2.0 1241 690
2.1 1235 682
2.2 1232 676
2.3 1231 671

Label: o
Points: 24
0 741 685
0.1 740 684
0.2 740 681
0.3 738 679
0.4 737 677
0.5 732 670
0.6 733 669
0.7 733 668
0.8 735 668
0.9 738 670
1.0 742 670
1.1 746 671
1.2 749 673
1.3 752 675
1.4 753 678
1.5 754 681
1.6 754 684
1.7 753 687
1.8 751 689
1.9 749 691
2.0 746 692
2.1 743 692
2.2 741 691
2.3 740 689

Label: r
Points: 25
0 1168 690
0.1 1168 689
0.2 1167 688
0.3 1166 687
0.4 1166 685
0.5 1160 675
0.6 1158 671
0.7 1155 666
0.8 1153 662
0.9 1150 657
1.0 1150 657
1.1 1151 658
1.2 1153 661
1.3 1155 665
1.4 1158 670
1.5 1161 676
1.6 1163 681
1.7 1166 683
1.8 1169 684
1.9 1172 684
2.0 1177 684
2.1 1181 684
2.2 1186 684
2.3 1191 684
2.4 1195 684

Label: R
Points: 54
0 955 729
0.1 957 731
0.2 958 733
0.3 960 735
0.4 961 737
0.5 960 735
0.6 957 731
0.7 953 723
0.8 947 712
0.9 941 701
1.0 935 692
1.1 930 685
1.2 927 679
1.3 925 676
1.4 925 676
1.5 927 678
1.6 929 681
1.7 932 685
1.8 935 692
1.9 939 699
2.0 943 705
2.1 947 710
2.2 951 715
2.3 955 720
2.4 960 724
2.5 966 728
2.6 971 729
2.7 977 731
2.8 981 731
2.9 982 730
3.0 981 726
3.1 977 721
3.2 972 715
3.3 966 707
3.4 958 701
3.5 952 695
3.6 949 693
3.7 947 693
3.8 949 693
3.9 950 695
4.0 953 697
4.1 955 698
4.2 958 697
4.3 960 695
4.4 961 693
4.5 961 689
4.6 962 685
4.7 963 680
4.8 966 676
4.9 968 674
5.0 971 674
5.1 975 674
5.2 978 676
5.3 982 677

Label: s
Points: 22
0 320 687
0.1 320 689
0.2 321 689
0.3 323 689
0.4 321 689
0.5 314 684
0.6 312 682
0.7 309 679
0.8 307 676
0.9 307 674
1.0 309 673
1.1 310 672
1.2 313 672
1.3 316 671
1.4 318 670
1.5 318 668
1.6 316 665
1.7 314 662
1.8 311 659
1.9 307 657
2.0 304 656
2.1 304 657

Label: 0
Points: 32
0 764 723
0.1 764 724
0.2 764 726
0.3 764 727
0.4 765 728
0.5 764 731
0.6 763 728
0.7 760 724
0.8 757 718
0.9 752 709
1.0 747 702
1.1 745 695
1.2 746 691
1.3 749 689
1.4 754 687
1.5 760 687
1.6 769 689
1.7 779 690
1.8 787 695
1.9 795 700
2.0 802 707
2.1 806 714
2.2 808 721
2.3 808 727
2.4 806 732
2.5 804 736
2.6 799 739
2.7 794 740
2.8 789 741
2.9 784 740
3.0 780 739
3.1 777 737

Label: a
Points: 24
0 661 686
0.1 660 685
0.2 658 683
0.3 656 681
0.4 654 677
0.5 647 668
0.6 647 665
0.7 647 663
0.8 649 662
0.9 652 664
1.0 655 665
1.1 659 667
1.2 663 670
1.3 665 673
1.4 667 676
1.5 666 679
1.6 665 679
1.7 663 678
1.8 661 675
1.9 660 672
2.0 661 669
2.1 662 667
2.2 664 665
2.3 668 665

Label: s
Points: 22
0 857 698
0.1 858 699
0.2 857 699
0.3 856 699
0.4 855 699
0.5 849 696
0.6 846 695
0.7 843 694
0.8 840 693
0.9 839 691
1.0 840 689
1.1 841 687
1.2 844 684
1.3 846 682
1.4 848 679
1.5 849 676
1.6 848 674
1.7 847 671
1.8 845 670
1.9 842 669
2.0 838 668
2.1 836 668

Label: a
Points: 28
0 587 688
0.1 587 689
0.2 587 688
0.3 586 685
0.4 585 684
0.5 577 676
0.6 575 673
0.7 572 670
0.8 571 667
0.9 571 663
1.0 572 662
1.1 573 662
1.2 576 664
1.3 579 665
1.4 583 668
1.5 586 673
1.6 588 677
1.7 590 681
1.8 590 683
1.9 589 682
2.0 588 679
2.1 587 676
2.2 586 673
2.3 586 668
2.4 586 663
2.5 587 660
2.6 590 659
2.7 593 659

Label: e
Points: 24
0 390 668
0.1 390 667
0.2 390 666
0.3 391 666
0.4 393 666
0.5 399 667
0.6 403 668
0.7 407 671
0.8 412 674
0.9 415 679
1.0 417 683
1.1 416 687
1.2 415 689
1.3 412 689
1.4 407 688
1.5 402 685
1.6 398 681
1.7 394 675
1.8 392 669
1.9 391 663
2.0 392 658
2.1 394 655
2.2 397 654
2.3 401 653

Label: 4
Points: 36
0 441 735
0.1 443 735
0.2 443 734
0.3 443 732
0.4 442 729
0.5 436 714
0.6 432 709
0.7 428 703
0.8 424 697
0.9 421 692
1.0 420 690
1.1 421 692
1.2 423 693
1.3 424 695
1.4 426 695
1.5 429 694
1.6 431 693
1.7 434 692
1.8 436 693
1.9 439 693
2.0 442 694
2.1 444 695
2.2 446 698
2.3 446 700
2.4 446 703
2.5 446 706
2.6 447 709
2.7 448 713
2.8 449 715
2.9 449 713
3.0 448 711
3.1 446 706
3.2 444 699
3.3 440 692
3.4 436 684
3.5 434 679

Label: b
Points: 43
0 406 681
0.1 408 682
0.2 409 683
0.3 412 685
0.4 414 686
0.5 419 694
0.6 421 698
0.7 423 701
0.8 424 707
0.9 426 713
1.0 427 719
1.1 428 724
1.2 429 728
1.3 429 728
1.4 429 726
1.5 428 723
1.6 426 717
1.7 423 708
1.8 419 698
1.9 416 689
2.0 413 681
2.1 412 674
2.2 413 670
2.3 413 667
2.4 415 667
2.5 417 668
2.6 419 670
2.7 422 671
2.8 423 673
2.9 424 675
3.0 423 678
3.1 423 681
3.2 422 683
3.3 421 686
3.4 422 687
3.5 423 686
3.6 423 685
3.7 424 684
3.8 426 682
3.9 429 682
4.0 432 684
4.1 435 685
4.2 439 686

Label: c
Points: 16
0 245 682
0.1 245 684
0.2 245 685
0.3 245 686
0.4 245 687
0.5 241 689
0.6 239 687
0.7 236 685
0.8 231 681
0.9 226 676
1.0 221 672
1.1 218 668
1.2 217 665
1.3 219 662
1.4 223 661
1.5 229 661

Label: i
Points: 16
0 362 657
0.1 361 659
0.2 362 660
0.3 365 662
0.4 366 664
0.5 376 672
0.6 379 675
0.7 381 678
0.8 382 679
0.9 382 678
1.0 382 676
1.1 380 673
1.2 379 669
1.3 379 664
1.4 379 659
1.5 379 656

Label: 4
Points: 34
0 427 738
0.1 427 739
0.2 428 740
0.3 429 736
0.4 429 735
0.5 424 717
0.6 422 712
0.7 418 706
0.8 415 700
0.9 412 695
1.0 410 693
1.1 411 693
1.2 412 694
1.3 414 695
1.4 416 695
1.5 418 695
1.6 421 695
1.7 424 694
1.8 426 694
1.9 429 695
2.0 430 696
2.1 432 697
2.2 434 700
2.3 434 703
2.4 435 707
2.5 435 710
2.6 435 712
2.7 435 710
2.8 434 706
2.9 431 699
3.0 429 692
3.1 425 684
3.2 423 677
3.3 421 671

Label: e
Points: 26
0 840 679
0.1 840 677
0.2 840 676
0.3 840 674
0.4 841 673
0.5 849 673
0.6 852 674
0.7 855 674
0.8 858 676
0.9 861 679
1.0 864 683
1.1 865 687
1.2 864 690
1.3 863 691
1.4 859 690
1.5 855 687
1.6 849 684
1.7 843 679
1.8 839 674
1.9 837 669
2.0 838 664
2.1 840 661
2.2 843 660
2.3 847 660
2.4 852 660
2.5 858 662

Label: r
Points: 24
0 955 690
0.1 956 691
0.2 957 692
0.3 957 691
0.4 957 689
0.5 952 675
0.6 949 670
0.7 945 665
0.8 941 659
0.9 936 654
1.0 935 653
1.1 936 653
1.2 937 655
1.3 939 658
1.4 941 662
1.5 943 667
1.6 945 671
1.7 947 674
1.8 951 677
1.9 955 678
2.0 960 679
2.1 964 681
2.2 969 681
2.3 973 681

Label: y
Points: 45
0 194 689
0.1 195 690
0.2 195 689
0.3 193 687
0.4 193 684
0.5 192 673
0.6 191 669
0.7 190 665
0.8 189 660
0.9 190 657
1.0 192 654
1.1 194 656
1.2 197 658
1.3 202 661
1.4 206 665
1.5 210 669
1.6 213 673
1.7 213 678
1.8 214 681
1.9 214 684
2.0 214 685
2.1 215 685
2.2 215 682
2.3 216 679
2.4 216 673
2.5 216 665
2.6 216 657
2.7 215 649
2.8 215 640
2.9 213 632
3.0 212 625
3.1 210 618
3.2 207 612
3.3 205 606
3.4 202 602
3.5 200 601
3.6 198 601
3.7 195 602
3.8 193 606
3.9 193 612
4.0 193 618
4.1 195 626
4.2 198 632
4.3 203 637
4.4 210 642

Label: c
Points: 13
0 1286 687
0.1 1286 686
0.2 1284 685
0.3 1282 685
0.4 1280 684
0.5 1270 679
0.6 1266 678
0.7 1262 675
0.8 1259 672
0.9 1259 670
1.0 1261 667
1.1 1265 666
1.2 1270 667

Label: :
Points: 2
0 892 699
0.1 894 699

Label: T
Points: 9
0 549 715
0.1 547 715
0.2 550 715
0.3 552 715
0.4 555 715
0.5 572 718
0.6 577 719
0.7 582 720
0.8 588 721

Label: u
Points: 29
0 282 681
0.1 282 682
0.2 284 683
0.3 285 684
0.4 285 685
0.5 286 685
0.6 285 682
0.7 285 678
0.8 283 671
0.9 282 665
1.0 281 659
1.1 281 656
1.2 283 655
1.3 286 656
1.4 290 658
1.5 295 661
1.6 299 665
1.7 304 669
1.8 306 674
1.9 308 677
2.0 309 677
2.1 309 676
2.2 309 673
2.3 309 670
2.4 309 665
2.5 309 660
2.6 309 657
2.7 309 654
2.8 311 653

Label: e
Points: 26
0 989 677
0.1 987 676
0.2 986 675
0.3 985 674
0.4 984 673
0.5 983 668
0.6 983 668
0.7 985 668
0.8 988 670
0.9 993 672
1.0 997 674
1.1 1001 678
1.2 1002 680
1.3 1000 681
1.4 997 680
1.5 993 678
1.6 988 676
1.7 983 673
1.8 980 671
1.9 977 668
2.0 977 664
2.1 977 660
2.2 978 658
2.3 980 656
2.4 984 656
2.5 989 656

Label: l
Points: 26
0 796 682
0.1 797 682
0.2 799 682
0.3 801 682
0.4 804 683
0.5 811 688
0.6 814 690
0.7 816 693
0.8 818 697
0.9 821 703
1.0 822 710
1.1 824 718
1.2 825 725
1.3 827 732
1.4 827 739
1.5 828 745
1.6 828 747
1.7 828 746
1.8 827 742
1.9 824 736
2.0 821 727
2.1 814 715
2.2 808 704
2.3 804 694
2.4 800 686
2.5 800 679

Label: u
Points: 29
0 1328 704
0.1 1328 703
0.2 1328 700
0.3 1327 698
0.4 1326 695
0.5 1321 685
0.6 1320 681
0.7 1320 676
0.8 1320 673
0.9 1322 671
1.0 1325 671
1.1 1328 672
1.2 1333 674
1.3 1337 677
1.4 1342 681
1.5 1345 685
1.6 1348 690
1.7 1350 693
1.8 1351 695
1.9 1351 693
2.0 1350 690
2.1 1348 686
2.2 1347 681
2.3 1345 675
2.4 1346 671
2.5 1347 668
2.6 1348 666
2.7 1351 667
2.8 1355 667

Label: 3
Points: 36
0 202 714
0.1 203 716
0.2 203 717
0.3 204 719
0.4 206 721
0.5 214 727
0.6 217 728
0.7 220 729
0.8 223 730
0.9 227 729
1.0 228 728
1.1 227 725
1.2 226 720
1.3 222 712
1.4 218 704
1.5 213 698
1.6 209 693
1.7 207 690
1.8 207 690
1.9 209 691
2.0 210 692
2.1 213 692
2.2 215 691
2.3 218 689
2.4 221 685
2.5 222 679
2.6 223 673
2.7 222 667
2.8 221 662
2.9 220 659
3.0 218 657
3.1 215 656
3.2 211 656
3.3 207 657
3.4 202 658
3.5 198 660

Label: B
Points: 55
0 179 718
0.1 179 717
0.2 179 713
0.3 179 710
0.4 179 704
0.5 171 685
0.6 169 681
0.7 167 676
0.8 164 673
0.9 164 671
1.0 165 672
1.1 167 674
1.2 168 676
1.3 170 680
1.4 172 685
1.5 174 692
1.6 175 698
1.7 176 704
1.8 178 709
1.9 180 712
2.0 183 716
2.1 186 719
2.2 190 721
2.3 193 723
2.4 197 724
2.5 199 723
2.6 200 720
2.7 199 715
2.8 197 709
2.9 195 702
3.0 191 695
3.1 187 690
3.2 183 687
3.3 181 688
3.4 181 690
3.5 182 692
3.6 184 693
3.7 187 695
3.8 189 695
3.9 192 695
4.0 195 693
4.1 196 692
4.2 199 689
4.3 200 687
4.4 201 684
4.5 202 681
4.6 201 677
4.7 199 673
4.8 196 669
4.9 191 666
5.0 185 663
5.1 178 661
5.2 173 661
5.3 169 662
5.4 167 664

Label: o
Points: 22
0 610 685
0.1 608 683
0.2 606 681
0.3 604 678
0.4 602 677
0.5 596 668
0.6 596 665
0.7 598 664
0.8 601 664
0.9 606 665
1.0 613 667
1.1 619 670
1.2 624 673
1.3 629 678
1.4 632 682
1.5 630 686
1.6 628 689
1.7 624 690
1.8 619 691
1.9 614 690
2.0 610 690
2.1 610 689

Label: Z
Points: 34
0 1745 705
0.1 1745 706
0.2 1745 707
0.3 1745 709
0.4 1746 710
0.5 1756 710
0.6 1760 711
0.7 1764 711
0.8 1766 710
0.9 1766 709
1.0 1764 706
1.1 1762 701
1.2 1757 693
1.3 1751 683
1.4 1743 673
1.5 1735 663
1.6 1728 654
1.7 1721 648
1.8 1717 643
1.9 1715 643
2.0 1714 645
2.1 1715 646
2.2 1716 648
2.3 1718 650
2.4 1720 651
2.5 1723 652
2.6 1726 652
2.7 1731 652
2.8 1736 652
2.9 1742 653
3.0 1747 653
3.1 1752 654
3.2 1756 656
3.3 1759 657

Label: s
Points: 24
0 1509 691
0.1 1508 690
0.2 1506 689
0.3 1504 687
0.4 1503 685
0.5 1496 682
0.6 1494 682
0.7 1491 681
0.8 1490 681
0.9 1492 680
1.0 1494 679
1.1 1495 676
1.2 1497 674
1.3 1498 671
1.4 1499 668
1.5 1498 665
1.6 1497 663
1.7 1495 661
1.8 1491 660
1.9 1487 661
2.0 1482 661
2.1 1478 662
2.2 1476 664
2.3 1477 666

Label: V
Points: 28
0 1526 723
0.1 1526 724
0.2 1526 725
0.3 1526 726
0.4 1526 728
0.5 1526 720
0.6 1526 718
0.7 1525 713
0.8 1523 707
0.9 1522 699
1.0 1520 692
1.1 1517 685
1.2 1515 679
1.3 1514 673
1.4 1514 670
1.5 1515 668
1.6 1516 668
1.7 1517 670
1.8 1519 672
1.9 1521 676
2.0 1523 681
2.1 1525 686
2.2 1528 692
2.3 1531 699
2.4 1536 704
2.5 1539 710
2.6 1543 715
2.7 1546 718

Label: 3
Points: 37
0 365 717
0.1 364 718
0.2 363 719
0.3 363 721
0.4 366 723
0.5 375 728
0.6 379 729
0.7 384 731
0.8 388 732
0.9 391 731
1.0 393 730
1.1 393 728
1.2 392 724
1.3 389 718
1.4 386 712
1.5 382 706
1.6 379 703
1.7 377 701
1.8 379 702
1.9 381 703
2.0 384 704
2.1 387 704
2.2 390 703
2.3 393 701
2.4 393 697
2.5 394 692
2.6 394 687
2.7 393 681
2.8 392 676
2.9 390 672
3.0 387 670
3.1 384 668
3.2 380 667
3.3 375 667
3.4 370 667
3.5 365 667
3.6 360 668

Label: o
Points: 27
0 217 685
0.1 215 685
0.2 213 684
0.3 212 681
0.4 211 679
0.5 207 671
0.6 206 669
0.7 207 666
0.8 209 664
0.9 211 664
1.0 215 665
1.1 220 666
1.2 224 668
1.3 228 671
1.4 231 674
1.5 232 678
1.6 233 680
1.7 232 682
1.8 231 685
1.9 229 688
2.0 227 690
2.1 223 691
2.2 220 691
2.3 216 690
2.4 212 689
2.5 209 687
2.6 207 684

Label: w
Points: 29
0 436 693
0.1 436 692
0.2 436 689
0.3 436 687
0.4 435 685
0.5 434 679
0.6 434 677
0.7 434 676
0.8 435 676
0.9 437 678
1.0 440 680
1.1 442 683
1.2 444 686
1.3 446 687
1.4 445 685
1.5 444 682
1.6 443 677
1.7 442 671
1.8 441 666
1.9 441 662
2.0 443 660
2.1 444 661
2.2 448 663
2.3 451 666
2.4 455 671
2.5 458 676
2.6 462 682
2.7 464 686
2.8 466 689

Label: :
Points: 5
0 1022 727
0.1 1022 726
0.2 1022 724
0.3 1022 723
0.4 1022 721

Label: D
Points: 40
0 338 717
0.1 336 717
0.2 336 714
0.3 336 712
0.4 335 709
0.5 330 690
0.6 327 683
0.7 324 676
0.8 320 670
0.9 318 664
1.0 318 663
1.1 319 665
1.2 321 668
1.3 323 672
1.4 326 678
1.5 327 684
1.6 327 690
1.7 327 696
1.8 328 701
1.9 329 704
2.0 330 707
2.1 333 709
2.2 337 710
2.3 341 713
2.4 346 715
2.5 352 714
2.6 356 712
2.7 359 707
2.8 358 701
2.9 356 693
3.0 354 685
3.1 350 678
3.2 345 671
3.3 340 665
3.4 334 661
3.5 329 659
3.6 324 658
3.7 320 659
3.8 316 660
3.9 313 662

Label: o
Points: 22
0 1124 679
0.1 1123 678
0.2 1122 676
0.3 1120 673
0.4 1117 670
0.5 1112 660
0.6 1113 657
0.7 1114 655
0.8 1117 654
0.9 1123 654
1.0 1129 654
1.1 1136 656
1.2 1141 659
1.3 1145 663
1.4 1147 667
1.5 1146 671
1.6 1142 674
1.7 1137 677
1.8 1131 678
1.9 1124 678
2.0 1121 678
2.1 1122 678

Label: n
Points: 23
0 251 692
0.1 252 689
0.2 252 687
0.3 252 683
0.4 252 678
0.5 249 670
0.6 247 667
0.7 247 664
0.8 247 663
0.9 248 664
1.0 249 666
1.1 251 669
1.2 254 673
1.3 257 676
1.4 259 676
1.5 260 675
1.6 261 673
1.7 261 670
1.8 262 666
1.9 262 662
2.0 263 659
2.1 265 656
2.2 266 656

Label: D
Points: 39
0 231 707
0.1 231 704
0.2 229 698
0.3 228 694
0.4 226 690
0.5 218 674
0.6 215 669
0.7 212 664
0.8 212 660
0.9 212 657
1.0 214 657
1.1 216 659
1.2 218 664
1.3 220 670
1.4 221 676
1.5 223 684
1.6 226 690
1.7 228 696
1.8 231 702
1.9 234 706
2.0 237 710
2.1 240 714
2.2 244 717
2.3 248 719
2.4 251 718
2.5 254 716
2.6 255 712
2.7 254 704
2.8 253 695
2.9 251 685
3.0 248 678
3.1 243 671
3.2 238 665
3.3 234 662
3.4 228 659
3.5 223 657
3.6 217 657
3.7 212 658
3.8 207 658

Label: -
Points: 8
0 696 706
0.1 695 706
0.2 697 705
0.3 698 705
0.4 700 706
0.5 707 707
0.6 710 707
0.7 713 707

Label: 6
Points: 23
0 963 740
0.1 962 739
0.2 961 737
0.3 959 734
0.4 957 732
0.5 946 719
0.6 941 712
0.7 935 706
0.8 930 698
0.9 924 690
1.0 922 684
1.1 922 679
1.2 924 676
1.3 927 676
1.4 932 676
1.5 936 678
1.6 941 679
1.7 945 681
1.8 946 682
1.9 945 685
2.0 944 687
2.1 942 689
2.2 942 690

Label: a
Points: 27
0 1617 669
0.1 1616 668
0.2 1614 665
0.3 1613 663
0.4 1611 660
0.5 1606 653
0.6 1604 651
0.7 1604 648
0.8 1605 646
0.9 1607 648
1.0 1611 649
1.1 1614 651
1.2 1618 654
1.3 1622 659
1.4 1623 663
1.5 1622 667
1.6 1622 668
1.7 1620 668
1.8 1618 667
1.9 1617 664
2.0 1617 662
2.1 1617 659
2.2 1619 656
2.3 1622 654
2.4 1626 653
2.5 1630 653
2.6 1634 653

Label: t
Points: 21
0 687 684
0.1 689 684
0.2 690 685
0.3 692 686
0.4 694 687
0.5 699 695
0.6 701 697
0.7 703 700
0.8 706 704
0.9 708 710
1.0 711 717
1.1 713 724
1.2 715 731
1.3 717 734
1.4 717 731
1.5 716 726
1.6 713 719
1.7 710 711
1.8 707 702
1.9 704 694
2.0 701 687

Label: U
Points: 45
0 1477 727
0.1 1477 728
0.2 1477 729
0.3 1478 729
0.4 1479 731
0.5 1475 721
0.6 1472 715
0.7 1469 709
0.8 1464 701
0.9 1459 693
1.0 1456 687
1.1 1453 681
1.2 1453 678
1.3 1454 675
1.4 1456 674
1.5 1459 673
1.6 1462 674
1.7 1467 674
1.8 1470 676
1.9 1473 678
2.0 1476 680
2.1 1478 683
2.2 1480 687
2.3 1483 692
2.4 1486 697
2.5 1489 703
2.6 1492 709
2.7 1495 715
2.8 1497 721
2.9 1498 724
3.0 1499 725
3.1 1499 724
3.2 1498 721
3.3 1497 718
3.4 1495 712
3.5 1492 706
3.6 1489 698
3.7 1486 692
3.8 1484 685
3.9 1483 679
4.0 1483 674
4.1 1484 671
4.2 1486 669
4.3 1489 668
4.4 1492 669

Label: -
Points: 12
0 744 692
0.1 744 691
0.2 743 690
0.3 743 689
0.4 744 689
0.5 753 688
0.6 755 688
0.7 758 688
0.8 761 688
0.9 764 689
1.0 766 689
1.1 769 690

Label: r
Points: 17
0 983 691
0.1 983 688
0.2 983 682
0.3 983 680
0.4 981 676
0.5 974 667
0.6 974 665
0.7 975 665
0.8 976 667
0.9 978 669
1.0 980 673
1.1 981 678
1.2 983 682
1.3 985 686
1.4 986 688
1.5 989 688
1.6 993 689

Label: s
Points: 22
0 1196 696
0.1 1197 697
0.2 1198 698
0.3 1199 699
0.4 1200 699
0.5 1194 698
0.6 1191 698
0.7 1188 696
0.8 1185 695
0.9 1184 693
1.0 1185 692
1.1 1188 689
1.2 1190 687
1.3 1192 684
1.4 1194 681
1.5 1194 678
1.6 1192 676
1.7 1191 674
1.8 1188 674
1.9 1184 674
2.0 1180 674
2.1 1177 674

Label: x
Points: 8
0 1529 697
0.1 1529 696
0.2 1528 693
0.3 1526 690
0.4 1523 685
0.5 1511 673
0.6 1507 670
0.7 1503 665

Label: C
Points: 20
0 240 715
0.1 241 716
0.2 242 716
0.3 243 717
0.4 243 718
0.5 236 713
0.6 233 710
0.7 229 704
0.8 224 698
0.9 218 690
1.0 213 684
1.1 210 678
1.2 210 674
1.3 210 671
1.4 213 670
1.5 217 670
1.6 221 670
1.7 227 670
1.8 233 670
1.9 237 670

Label: H
Points: 21
0 860 734
0.1 860 735
0.2 860 736
0.3 861 736
0.4 861 734
0.5 855 720
0.6 852 713
0.7 846 704
0.8 840 695
0.9 835 686
1.0 830 679
1.1 876 726
1.2 875 724
1.3 873 719
1.4 871 714
1.5 868 707
1.6 860 695
1.7 857 692
1.8 852 687
1.9 849 682
2.0 845 679

Label: p
Points: 37
0 1058 695
0.1 1058 692
0.2 1058 689
0.3 1057 684
0.4 1055 676
0.5 1044 659
0.6 1038 653
0.7 1032 645
0.8 1027 639
0.9 1022 632
1.0 1021 628
1.1 1022 626
1.2 1024 628
1.3 1027 631
1.4 1030 635
1.5 1035 642
1.6 1038 650
1.7 1041 659
1.8 1044 668
1.9 1046 676
2.0 1050 682
2.1 1053 687
2.2 1058 692
2.3 1064 696
2.4 1069 699
2.5 1075 700
2.6 1080 699
2.7 1083 698
2.8 1082 695
2.9 1080 690
3.0 1077 685
3.1 1072 679
3.2 1067 674
3.3 1061 670
3.4 1056 669
3.5 1052 670
3.6 1053 671

Label: w
Points: 29
0 546 698
0.1 546 696
0.2 546 693
0.3 546 689
0.4 546 684
0.5 544 675
0.6 544 673
0.7 544 670
0.8 544 667
0.9 546 666
1.0 549 667
1.1 552 669
1.2 555 672
1.3 558 675
1.4 559 677
1.5 559 676
1.6 558 674
1.7 558 671
1.8 558 668
1.9 559 667
2.0 562 668
2.1 565 670
2.2 571 673
2.3 576 677
2.4 579 682
2.5 582 687
2.6 582 692
2.7 583 695
2.8 586 697

Label: Y
Points: 9
0 1687 723
0.1 1687 722
0.2 1687 720
0.3 1687 718
0.4 1687 715
0.5 1683 701
0.6 1682 698
0.7 1681 695
0.8 1681 692

Label: f
Points: 48
0 423 675
0.1 424 675
0.2 427 676
0.3 429 678
0.4 429 679
0.5 435 687
0.6 438 689
0.7 440 691
0.8 443 695
0.9 444 701
1.0 447 709
1.1 448 715
1.2 450 722
1.3 451 728
1.4 452 732
1.5 452 735
1.6 453 735
1.7 452 734
1.8 451 731
1.9 449 725
2.0 446 717
2.1 441 706
2.2 434 693
2.3 427 681
2.4 421 667
2.5 415 656
2.6 410 646
2.7 407 638
2.8 405 632
2.9 405 629
3.0 406 629
3.1 407 630
3.2 408 632
3.3 408 635
3.4 409 639
3.5 410 645
3.6 412 651
3.7 415 657
3.8 417 662
3.9 419 666
4.0 422 669
4.1 425 671
4.2 428 672
4.3 432 672
4.4 435 672
4.5 438 672
4.6 441 672
4.7 444 672

Label: n
Points: 26
0 915 693
0.1 915 694
0.2 915 696
0.3 915 698
0.4 917 698
0.5 917 693
0.6 917 690
0.7 917 686
0.8 916 682
0.9 914 677
1.0 913 674
1.1 914 676
1.2 916 678
1.3 919 680
1.4 922 683
1.5 927 686
1.6 930 688
1.7 933 689
1.8 935 688
1.9 936 686
2.0 936 684
2.1 936 680
2.2 936 676
2.3 936 671
2.4 937 668
2.5 939 667

Label: 8
Points: 36
0 324 717
0.1 324 718
0.2 325 720
0.3 326 721
0.4 329 722
0.5 335 727
0.6 337 728
0.7 340 729
0.8 343 728
0.9 345 727
1.0 344 724
1.1 343 720
1.2 339 712
1.3 334 703
1.4 327 693
1.5 321 684
1.6 316 677
1.7 315 671
1.8 316 668
1.9 318 667
2.0 321 668
2.1 326 670
2.2 330 674
2.3 335 678
2.4 338 684
2.5 339 689
2.6 337 695
2.7 335 699
2.8 332 704
2.9 327 708
3.0 322 710
3.1 320 713
3.2 321 715
3.3 324 717
3.4 329 720
3.5 334 721

Label: k
Points: 14
0 708 727
0.1 709 728
0.2 710 729
0.3 711 730
0.4 711 731
0.5 712 726
0.6 711 721
0.7 708 712
0.8 702 701
0.9 696 690
1.0 690 679
1.1 684 671
1.2 682 665
1.3 680 660

Label: y
Points: 40
0 1555 699
0.1 1556 701
0.2 1555 699
0.3 1554 698
0.4 1552 695
0.5 1542 681
0.6 1539 676
0.7 1536 671
0.8 1534 667
0.9 1535 663
1.0 1537 660
1.1 1539 660
1.2 1542 661
1.3 1547 663
1.4 1553 665
1.5 1558 669
1.6 1562 674
1.7 1565 679
1.8 1566 682
1.9 1565 682
2.0 1564 679
2.1 1563 674
2.2 1561 668
2.3 1559 660
2.4 1555 651
2.5 1551 642
2.6 1547 632
2.7 1541 621
2.8 1534 613
2.9 1527 606
3.0 1521 601
3.1 1515 598
3.2 1512 599
3.3 1510 601
3.4 1510 606
3.5 1511 613
3.6 1514 621
3.7 1520 631
3.8 1528 639
3.9 1537 645

Label: g
Points: 46
0 187 681
0.1 187 682
0.2 187 684
0.3 187 685
0.4 187 686
0.5 182 684
0.6 179 680
0.7 176 675
0.8 173 670
0.9 170 664
1.0 168 659
1.1 169 656
1.2 171 655
1.3 174 656
1.4 177 657
1.5 182 659
1.6 186 662
1.7 189 665
1.8 191 669
1.9 192 673
2.0 192 676
2.1 191 677
2.2 190 676
2.3 190 674
2.4 191 670
2.5 192 665
2.6 193 658
2.7 194 650
2.8 195 642
2.9 195 634
3.0 195 626
3.1 195 619
3.2 194 613
3.3 192 607
3.4 190 603
3.5 187 601
3.6 183 601
3.7 179 602
3.8 176 605
3.9 174 610
4.0 174 617
4.1 175 626
4.2 177 634
4.3 180 641
4.4 185 646
4.5 191 650

Label: n
Points: 23
0 347 689
0.1 347 687
0.2 347 683
0.3 347 681
0.4 346 679
0.5 343 670
0.6 343 668
0.7 343 667
0.8 345 668
0.9 346 670
1.0 349 673
1.1 351 676
1.2 354 679
1.3 355 679
1.4 357 678
1.5 359 675
1.6 360 671
1.7 361 668
1.8 363 665
1.9 366 664
2.0 369 663
2.1 373 662
2.2 376 662

Label: e
Points: 27
0 451 672
0.1 451 671
0.2 451 670
0.3 452 670
0.4 455 671
0.5 464 676
0.6 466 678
0.7 470 681
0.8 474 683
0.9 477 685
1.0 478 688
1.1 477 689
1.2 475 690
1.3 473 689
1.4 468 687
1.5 463 685
1.6 457 682
1.7 452 677
1.8 449 673
1.9 448 668
2.0 448 664
2.1 449 660
2.2 451 657
2.3 455 656
2.4 462 656
2.5 469 656
2.6 476 657

Label: E
Points: 29
0 765 729
0.1 766 729
0.2 765 729
0.3 764 728
0.4 762 726
0.5 754 721
0.6 750 718
0.7 745 717
0.8 740 714
0.9 736 712
1.0 733 710
1.1 730 707
1.2 727 701
1.3 723 695
1.4 718 687
1.5 713 682
1.6 710 676
1.7 708 673
1.8 710 670
1.9 711 670
2.0 713 670
2.1 716 670
2.2 719 671
2.3 722 671
2.4 726 672
2.5 730 673
2.6 735 674
2.7 738 675
2.8 740 677

Label: A
Points: 40
0 128 716
0.1 128 717
0.2 128 718
0.3 128 720
0.4 128 718
0.5 128 711
0.6 126 707
0.7 123 701
0.8 120 693
0.9 117 685
1.0 115 679
1.1 113 674
1.2 113 673
1.3 114 674
1.4 116 676
1.5 118 679
1.6 120 682
1.7 122 688
1.8 123 694
1.9 124 699
2.0 125 706
2.1 126 710
2.2 127 715
2.3 128 720
2.4 129 725
2.5 131 729
2.6 134 731
2.7 135 730
2.8 138 728
2.9 140 724
3.0 140 718
3.1 141 711
3.2 142 702
3.3 142 693
3.4 142 687
3.5 142 681
3.6 143 676
3.7 145 671
3.8 147 668
3.9 149 666

Label: p
Points: 39
0 1000 687
0.1 1001 689
0.2 1002 690
0.3 1003 692
0.4 1003 693
0.5 1002 686
0.6 1000 681
0.7 997 674
0.8 994 667
0.9 990 657
1.0 986 649
1.1 982 641
1.2 980 635
1.3 979 631
1.4 980 632
1.5 981 636
1.6 983 642
1.7 985 648
1.8 988 657
1.9 992 666
2.0 996 674
2.1 999 681
2.2 1004 687
2.3 1008 693
2.4 1013 696
2.5 1018 698
2.6 1023 698
2.7 1027 696
2.8 1030 695
2.9 1032 693
3.0 1031 689
3.1 1030 684
3.2 1027 679
3.3 1024 674
3.4 1019 671
3.5 1014 669
3.6 1009 669
3.7 1006 670
3.8 1005 672

Label: b
Points: 44
0 152 670
0.1 152 668
0.2 152 667
0.3 151 667
0.4 152 669
0.5 156 676
0.6 158 679
0.7 160 683
0.8 162 687
0.9 165 693
1.0 167 699
1.1 169 707
1.2 171 714
1.3 172 721
1.4 174 726
1.5 175 729
1.6 175 729
1.7 174 726
1.8 173 720
1.9 170 713
2.0 167 703
2.1 162 693
2.2 159 684
2.3 156 676
2.4 154 670
2.5 155 665
2.6 156 662
2.7 158 662
2.8 160 662
2.9 164 664
3.0 167 665
3.1 169 668
3.2 170 670
3.3 170 673
3.4 170 677
3.5 170 680
3.6 171 682
3.7 174 684
3.8 176 684
3.9 179 684
4.0 182 684
4.1 185 682
4.2 188 682
4.3 191 682

Label: G
Points: 36
0 695 715
0.1 696 717
0.2 697 718
0.3 697 720
0.4 697 721
0.5 692 722
0.6 687 720
0.7 680 715
0.8 672 707
0.9 665 698
1.0 657 689
1.1 652 682
1.2 648 676
1.3 646 672
1.4 647 669
1.5 649 667
1.6 651 667
1.7 656 667
1.8 662 667
1.9 668 669
2.0 674 670
2.1 679 673
2.2 680 675
2.3 680 677
2.4 679 679
2.5 677 681
2.6 674 683
2.7 672 684
2.8 674 685
2.9 675 687
3.0 679 687
3.1 683 687
3.2 688 687
3.3 693 687
3.4 698 688
3.5 702 689

Label: r
Points: 21
0 1366 686
0.1 1368 686
0.2 1369 685
0.3 1369 682
0.4 1369 681
0.5 1364 671
0.6 1362 667
0.7 1360 664
0.8 1359 662
0.9 1360 662
1.0 1362 664
1.1 1365 667
1.2 1367 670
1.3 1370 674
1.4 1372 678
1.5 1373 682
1.6 1376 684
1.7 1380 685
1.8 1384 685
1.9 1390 686
2.0 1395 686

Label: v
Points: 22
0 1372 700
0.1 1372 698
0.2 1372 696
0.3 1370 694
0.4 1370 693
0.5 1367 685
0.6 1367 682
0.7 1366 679
0.8 1365 675
0.9 1364 671
1.0 1364 668
1.1 1365 668
1.2 1366 670
1.3 1367 672
1.4 1369 675
1.5 1372 679
1.6 1373 682
1.7 1376 687
1.8 1378 690
1.9 1381 692
2.0 1384 694
2.1 1387 695

Label: L
Points: 22
0 409 724
0.1 409 725
0.2 410 725
0.3 410 724
0.4 410 721
0.5 405 701
0.6 402 695
0.7 399 688
0.8 394 681
0.9 390 674
1.0 385 669
1.1 384 666
1.2 384 664
1.3 385 665
1.4 387 665
1.5 388 665
1.6 391 665
1.7 393 665
1.8 396 665
1.9 400 664
2.0 404 664
2.1 409 664

Label: n
Points: 23
0 1214 696
0.1 1216 696
0.2 1217 694
0.3 1217 692
0.4 1217 688
0.5 1214 676
0.6 1212 673
0.7 1210 668
0.8 1208 665
0.9 1209 664
1.0 1210 665
1.1 1213 667
1.2 1216 668
1.3 1219 671
1.4 1223 673
1.5 1227 673
1.6 1228 671
1.7 1229 670
1.8 1228 666
1.9 1228 662
2.0 1228 658
2.1 1229 655
2.2 1231 654

Label: o
Points: 26
0 1408 689
0.1 1409 689
0.2 1411 690
0.3 1411 689
0.4 1409 687
0.5 1401 682
0.6 1398 680
0.7 1395 678
0.8 1393 674
0.9 1391 670
1.0 1392 667
1.1 1393 665
1.2 1395 664
1.3 1400 663
1.4 1406 663
1.5 1412 664
1.6 1418 665
1.7 1422 668
1.8 1425 673
1.9 1426 678
2.0 1426 683
2.1 1424 688
2.2 1422 692
2.3 1418 695
2.4 1414 695
2.5 1411 694

Label: 3
Points: 35
0 273 710
0.1 274 712
0.2 274 713
0.3 276 715
0.4 277 716
0.5 284 718
0.6 287 719
0.7 290 720
0.8 292 720
0.9 295 718
1.0 296 716
1.1 296 712
1.2 295 706
1.3 291 700
1.4 287 693
1.5 283 689
1.6 281 687
1.7 281 687
1.8 282 689
1.9 285 690
2.0 287 690
2.1 290 689
2.2 291 687
2.3 293 685
2.4 293 681
2.5 293 676
2.6 292 671
2.7 292 666
2.8 291 663
2.9 289 661
3.0 287 660
3.1 284 661
3.2 281 661
3.3 276 662
3.4 271 664

Label: N
Points: 38
0 159 664
0.1 159 665
0.2 159 666
0.3 160 668
0.4 162 670
0.5 168 676
0.6 171 678
0.7 173 681
0.8 174 687
0.9 176 692
1.0 176 698
1.1 177 704
1.2 178 709
1.3 179 713
1.4 181 714
1.5 182 713
1.6 183 710
1.7 183 706
1.8 182 699
1.9 180 690
2.0 178 681
2.1 176 674
2.2 174 668
2.3 175 664
2.4 176 664
2.5 179 665
2.6 181 667
2.7 184 670
2.8 186 673
2.9 187 678
3.0 188 683
3.1 190 688
3.2 191 693
3.3 192 698
3.4 195 703
3.5 197 707
3.6 200 710
3.7 204 713

Label: e
Points: 26
0 256 664
0.1 257 664
0.2 259 664
0.3 260 664
0.4 262 664
0.5 273 670
0.6 277 671
0.7 281 673
0.8 283 675
0.9 285 677
1.0 285 680
1.1 285 682
1.2 284 684
1.3 282 685
1.4 279 685
1.5 275 684
1.6 271 679
1.7 267 674
1.8 264 668
1.9 262 661
2.0 262 656
2.1 264 653
2.2 266 651
2.3 272 651
2.4 278 652
2.5 285 654

Label: l
Points: 24
0 677 678
0.1 678 679
0.2 679 681
0.3 680 683
0.4 682 685
0.5 686 692
0.6 688 695
0.7 691 698
0.8 694 703
0.9 696 710
1.0 699 719
1.1 700 728
1.2 702 737
1.3 703 743
1.4 702 745
1.5 701 743
1.6 699 738
1.7 696 731
1.8 691 721
1.9 688 709
2.0 684 698
2.1 682 686
2.2 680 676
2.3 679 669

Label: a
Points: 32
0 741 693
0.1 741 695
0.2 740 695
0.3 739 695
0.4 738 694
0.5 732 690
0.6 729 687
0.7 725 684
0.8 722 680
0.9 720 675
1.0 719 671
1.1 720 669
1.2 722 668
1.3 725 669
1.4 730 670
1.5 735 672
1.6 740 674
1.7 744 678
1.8 746 681
1.9 746 684
2.0 744 686
2.1 743 685
2.2 743 684
2.3 742 681
2.4 742 677
2.5 743 672
2.6 744 666
2.7 745 660
2.8 747 656
2.9 750 654
3.0 754 654
3.1 758 655

Label: w
Points: 30
0 1453 698
0.1 1453 697
0.2 1453 694
0.3 1453 692
0.4 1453 691
0.5 1448 681
0.6 1446 676
0.7 1445 673
0.8 1446 670
0.9 1447 669
1.0 1450 670
1.1 1453 672
1.2 1457 674
1.3 1460 678
1.4 1461 679
1.5 1461 678
1.6 1460 676
1.7 1459 673
1.8 1459 671
1.9 1461 668
2.0 1462 668
2.1 1465 669
2.2 1470 671
2.3 1475 674
2.4 1479 677
2.5 1483 681
2.6 1484 686
2.7 1486 690
2.8 1487 694
2.9 1489 696

Label: g
Points: 41
0 479 690
0.1 479 691
0.2 479 692
0.3 479 693
0.4 478 691
0.5 469 681
0.6 467 678
0.7 465 673
0.8 465 670
0.9 466 668
1.0 468 669
1.1 471 670
1.2 473 672
1.3 476 674
1.4 477 678
1.5 478 681
1.6 477 684
1.7 477 683
1.8 477 681
1.9 477 679
2.0 477 675
2.1 477 670
2.2 477 663
2.3 477 654
2.4 476 646
2.5 473 638
2.6 469 630
2.7 466 624
2.8 463 618
2.9 460 613
3.0 457 609
3.1 455 606
3.2 451 606
3.3 448 607
3.4 446 610
3.5 444 613
3.6 444 618
3.7 445 624
3.8 448 630
3.9 452 636
4.0 458 640

Label: 4
Points: 38
0 618 731
0.1 618 732
0.2 619 734
0.3 619 735
0.4 619 734
0.5 615 723
0.6 613 717
0.7 609 710
0.8 605 703
0.9 601 695
1.0 596 689
1.1 594 685
1.2 594 683
1.3 596 684
1.4 596 685
1.5 598 685
1.6 599 685
1.7 602 684
1.8 604 684
1.9 607 684
2.0 609 684
2.1 612 684
2.2 615 685
2.3 618 687
2.4 619 689
2.5 621 692
2.6 621 695
2.7 622 697
2.8 624 700
2.9 625 703
3.0 625 703
3.1 624 701
3.2 622 696
3.3 619 690
3.4 616 682
3.5 613 675
3.6 611 670
3.7 611 665

Label: 2
Points: 51
0 187 693
0.1 188 695
0.2 188 696
0.3 190 697
0.4 188 696
0.5 184 690
0.6 183 689
0.7 181 690
0.8 180 691
0.9 179 693
1.0 179 696
1.1 179 701
1.2 181 705
1.3 182 709
1.4 184 713
1.5 187 716
1.6 190 719
1.7 193 721
1.8 196 722
1.9 198 721
2.0 199 718
2.1 198 713
2.2 196 706
2.3 192 696
2.4 185 686
2.5 179 678
2.6 173 670
2.7 168 664
2.8 164 659
2.9 162 656
3.0 162 657
3.1 162 658
3.2 163 660
3.3 165 663
3.4 168 664
3.5 170 663
3.6 172 661
3.7 174 659
3.8 176 658
3.9 179 657
4.0 182 656
4.1 186 656
4.2 190 656
4.3 194 657
4.4 196 658
4.5 199 660
4.6 200 662
4.7 201 665
4.8 202 668
4.9 204 671
5.0 207 675

Label: r
Points: 28
0 1144 702
0.1 1145 703
0.2 1145 704
0.3 1146 706
0.4 1145 703
0.5 1135 688
0.6 1130 682
0.7 1125 677
0.8 1120 672
0.9 1117 667
1.0 1117 665
1.1 1117 664
1.2 1119 665
1.3 1122 668
1.4 1126 671
1.5 1130 674
1.6 1134 679
1.7 1136 683
1.8 1138 687
1.9 1140 690
2.0 1143 693
2.1 1147 694
2.2 1151 695
2.3 1155 695
2.4 1159 695
2.5 1163 695
2.6 1166 694
2.7 1169 694

Label: W
Points: 43
0 1567 723
0.1 1568 723
0.2 1569 724
0.3 1569 725
0.4 1570 726
0.5 1572 721
0.6 1571 718
0.7 1570 713
0.8 1569 708
0.9 1567 701
1.0 1565 695
1.1 1564 689
1.2 1564 684
1.3 1564 681
1.4 1566 681
1.5 1568 682
1.6 1570 684
1.7 1573 687
1.8 1576 691
1.9 1578 696
2.0 1581 701
2.1 1583 704
2.2 1584 704
2.3 1584 703
2.4 1583 699
2.5 1581 694
2.6 1579 687
2.7 1576 681
2.8 1576 676
2.9 1577 674
3.0 1579 675
3.1 1583 678
3.2 1587 681
3.3 1592 685
3.4 1597 692
3.5 1601 698
3.6 1604 705
3.7 1606 710
3.8 1607 714
3.9 1607 717
4.0 1608 720
4.1 1611 721
4.2 1614 721

Label: 6
Points: 23
0 523 740
0.1 523 741
0.2 523 742
0.3 522 740
0.4 521 737
0.5 508 718
0.6 502 710
0.7 494 701
0.8 488 692
0.9 481 684
1.0 477 678
1.1 477 673
1.2 479 669
1.3 482 667
1.4 486 667
1.5 490 667
1.6 496 668
1.7 499 670
1.8 502 672
1.9 502 674
2.0 501 677
2.1 500 679
2.2 498 682

Label: :
Points: 5
0 495 696
0.1 495 695
0.2 495 694
0.3 496 693
0.4 496 692

